0.999438460038191	0.978842636326594	0.994813721042259	0.996314462072201
0.997545896781679	0.995857979533341	0.997595664733579	0.987781230688581
0.998178453863769	0.997684376213345	0.989493602866745	0.991510068146111
0.994991440859674	0.996339986101893	0.99426495847138	0.998816628129392
0.997412677490058	0.995744729279976	0.995625009459388	0.997021149499481
0.995026673405995	0.996924940771137	0.992728322653071	0.995294008867619
0.997392486648459	0.997158140857669	0.990866140866473	0.994988766297947
0.996479840640869	0.995351280293501	0.992069375194096	0.997606378885755
0.996250014054791	0.994927137861635	0.997512844152568	0.997915415263939
0.990336107856123	0.950909016656296	0.996883787709262	0.996704372668906
0.992425031425064	0.998827020757754	0.989555452487521	0.996673817430945
0.998403877776695	0.997562525524335	0.990630438104999	0.99512603834124
0.997815206099156	0.997539767328014	0.988398089124403	0.993766815878905
0.988064304636191	0.995539855132035	0.996911407077037	0.993469701640442
0.998635316206937	0.997862971006235	0.997049773195111	0.997145519606225
0.998914623463683	0.996774338611988	0.983167264682124	0.997141278363454
0.997860316024121	0.996981248705778	0.997642426474468	0.997950093143604
0.997675114781681	0.993212302422796	0.995293947868863	0.998467466416116
0.992382191513208	0.996857711780583	0.997526935020269	0.999236404100037
0.997878756923225	0.996176313599899	0.999531547961366	0.998069355567303
0.997818175194668	0.995497146323063	0.995363152071941	0.99708533520019
0.995523868259623	0.994074484231951	0.995859152654195	0.993193350049469
0.996325854056956	0.98947301831968	0.990733601015962	0.990948663739044
0.995933571438705	0.994439013057918	0.995999989105269	0.996505809179648
0.996153620218789	0.995537200414074	0.99885770802919	0.998390847192651
0.996121755730657	0.997572718534037	0.996509078545623	0.998719211371167
0.998077682456717	0.988590041243604	0.992490677220163	0.997389082526055
0.996211679867562	0.998155808811478	0.996363934938186	0.998310028770484
0.995266620902657	0.989031905639515	0.998268647045261	0.994582434218657
0.993210237416293	0.994407084988891	0.995374370131263	0.994682657304407
0.998568783776066	0.996347279279441	0.996155812719395	0.996710551909589
0.991167103040732	0.995331973587371	0.997872561047271	0.993758735717876
0.997279587306362	0.997770823991735	0.997937920812265	0.993361025239497
0.993078955757687	0.991313311434488	0.994933694115948	0.993521813885313
0.994176927574674	0.993316328819344	0.996710641348236	0.994877638330933
0.997319862366313	0.99792030978959	0.99725562118458	0.992183277319164
0.997266961777406	0.996423806774085	0.993570323355846	0.99426956274257
0.994823632004931	0.99867076681377	0.998659129147208	0.996113696334258
0.993352758433259	0.996499956827619	0.993927553414728	0.993886182065789
0.992703165446563	0.997190241988097	0.996484899232264	0.994803255865758
0.997281889045139	0.998068659825986	0.997130129757049	0.996772301541964
0.99660726773274	0.993922473845687	0.986411777850559	0.996843570824376
0.993143141305403	0.996030520640944	0.979300785136723	0.998989707550753
0.999547581052799	0.996370263115312	0.995697835080747	0.995456327632401
0.996360609144884	0.99552132655327	0.998493468692471	0.991385004903471
0.994126062588863	0.991788457604456	0.997151711175039	0.997384300117405
0.996722881575819	0.997791021099355	0.997977763218256	0.99546200632254
0.993412520845066	0.997634934851798	0.993648525289589	0.998126117415983
0.998731379506919	0.994808194634379	0.987528703487247	0.996572553693773
0.998927915743497	0.992200974624423	0.995395778635269	0.993604305142453
0.997328461214819	0.994515858859067	0.995986634081168	0.997020121821771
0.999653764986523	0.997084314068803	0.99496855992627	0.997009527686099
0.997504138459246	0.995437269047271	0.996756713664584	0.990984124100187
0.997320004170699	0.993746268428185	0.998964795541483	0.994610100829607
0.994680896888022	0.994144537555876	0.996812277041841	0.99761264785052
0.995420684653297	0.99892755503331	0.993861678131239	0.996808345601371
0.995788684822281	0.998430461237036	0.997505211802247	0.997707014353004
0.998076178842341	0.987799150491725	0.979316885043399	0.998834755370581
0.992968844309765	0.996600795288673	0.997918640491565	0.997493711989417
0.993717717208649	0.99635819453899	0.998638100015349	0.995138307574192
0.981725064155753	0.99875913333129	0.998755429984879	0.994625637657974
0.998697910630644	0.989150201809297	0.996463589399763	0.98543019197144
0.996514214418276	0.991089175080688	0.996169641398522	0.994071313251183
0.996623159220774	0.99771280609951	0.99027682135145	0.995135280692114
0.998576246869271	0.992216212879438	0.998030268857858	0.998018988259943
0.991502232449164	0.996295172768955	0.992292494662676	0.998184676593592
0.993181174346402	0.997648617577588	0.995277995370352	0.995343397824001
0.99315105224085	0.998014417113361	0.998423110710999	0.997074208476561
0.995017528606138	0.997414224189022	0.994729269427158	0.993004736837146
0.998804479058139	0.991742403271811	0.997690735141981	0.995965333186911
0.998493799726972	0.997217268638969	0.996438116555958	0.989059819786991
0.992955009580787	0.998320312168586	0.998334778109554	0.996536127308235
0.989344852586673	0.993821205249962	0.997568128928623	0.998823280506078
0.99654781969077	0.998324837491958	0.996611078450006	0.995723013398082
0.998911024219263	0.997594993016181	0.99733827641488	0.987347600342159
0.998269370657177	0.995065018062899	0.996481203611424	0.995647576533634
0.995488714706828	0.996414650677164	0.997889758529758	0.997891379925936
0.99497459417859	0.987823478902649	0.998178141078384	0.989581119534454
0.996561031662793	0.99852424006205	0.996807592515983	0.995514493913365
0.99479917129258	0.99529537912015	0.996889978535838	0.995495863689205
0.996643698403119	0.998121658649385	0.996990325106997	0.99508234482031
0.990095562410875	0.995328647017589	0.99772488336193	0.998421487275399
0.998095650698337	0.998494048947866	0.99720102792543	0.996181664309948
0.996687006241881	0.997617697151289	0.99742230949653	0.995025414853035
0.995498530587956	0.997712467799348	0.991484831546966	0.996704043951554
0.995433754854158	0.997654151248469	0.996626231887155	0.99388731430363
0.996670707875793	0.997681393544307	0.996434320946125	0.997832922888037
0.997540230304625	0.994479837814131	0.988224763218874	0.99650327268029
0.998895118498648	0.995745956629274	0.997844515092625	0.9906807494908
0.997531074687847	0.995398255754859	0.996968545010844	0.994643676359306
0.998217339036674	0.992963863975243	0.996503367584515	0.996948428932652
0.991989068621889	0.996526626867778	0.994308081325265	0.993318988663225
0.995974715632507	0.998573101012034	0.995319836473065	0.99420276609388
0.998393162811567	0.997633909880603	0.996242240610255	0.994986515102884
0.998815317418858	0.998863566755134	0.997493684379604	0.984747113624458
0.994139315255867	0.997536346368243	0.990994240444529	0.995968351515778
0.997624965656915	0.995298284855458	0.990980873112235	0.997254626177619
0.996606665147201	0.99793756181948	0.996820033530199	0.992508775904436
0.99537731272357	0.996100607949695	0.994260787955073	0.99723091246457
0.998939795441819	0.989212797926639	0.998451889050969	0.998667960993401
