0.999545043174388	0.999536042184699	0.999411043961161	0.999517007668197
0.999477163192667	0.999582587086255	0.9996782075858	0.999722857768405
0.999411491561599	0.999675510418628	0.999367522197751	0.999518895333574
0.999434786343569	0.999434047424553	0.999223304912766	0.999194617860464
0.998521618492924	0.999570020445245	0.999401582225702	0.99965947931658
0.999210004424143	0.999761146006763	0.999589217863953	0.999477407709889
0.999305866652323	0.99959711995726	0.998747962143379	0.999240089874389
0.999313790971282	0.999713000756182	0.999537014625538	0.999134017138087
0.999110750676831	0.999458839644892	0.9994962606826	0.99925768064658
0.999754859819076	0.999235865597028	0.999395057978631	0.999607792366974
0.999541794227883	0.999317749995376	0.999385072196084	0.999438771039065
0.999634616239999	0.999693154324495	0.999554722040429	0.99969154895944
0.999717240919809	0.999471329474174	0.999309505020488	0.999630825196509
0.999640283197365	0.999262232059958	0.999333888554195	0.999159226430818
0.999701134519101	0.999363096939812	0.999620008459292	0.999738482272558
0.999660100609897	0.999584033141201	0.999412630060025	0.999779283176439
0.998818678537709	0.999086204187991	0.999650476948125	0.999481534066558
0.999581212595568	0.9993609047034	0.999741470473083	0.999681519569411
0.999708008628781	0.999489764040677	0.999163655462872	0.999527829359549
0.999326732272397	0.999363686787917	0.999598861018948	0.999402294097286
0.999548189872682	0.999224294798103	0.999734481445417	0.999404382506203
0.999690965729203	0.999017804585135	0.999370333701261	0.999394201571802
0.999672469703897	0.999510787331308	0.999562245822107	0.999852780779732
0.999302776760118	0.999478216556925	0.999473065262247	0.999738723358562
0.999141017200482	0.999667866499408	0.999021113572359	0.999282763612346
0.99942860044764	0.999390110284661	0.999498678107956	0.999319563036349
0.999476201061809	0.999241935994975	0.999366363201316	0.999327414478083
0.999303435952844	0.999410265215539	0.998462716326494	0.999472471923944
0.999395997918918	0.99867060206462	0.99973549690093	0.998873015635939
0.998964042941075	0.999347151367946	0.999301169361204	0.999228402406842
0.999395709300544	0.999293538705878	0.999579952961307	0.999390378096385
0.999657163018088	0.999665392206232	0.999387297550089	0.999586973275669
0.999606580687671	0.999130109836453	0.999419005944589	0.998816472425386
0.999587237338486	0.999590416960144	0.999635148992042	0.999587768509999
0.999425612701581	0.999407226264949	0.999271589577102	0.999135189869722
0.999411468373314	0.999294640922972	0.999415635762983	0.999661894304496
0.999804198776349	0.999130746524431	0.999724802299065	0.99936982661875
0.999809584250605	0.999740478903891	0.999800330864577	0.99987536872101
0.999522453682958	0.999512208484178	0.99927287591405	0.99962805150066
0.998964475018656	0.999131811176621	0.999625916871645	0.999663949857246
0.999696662913271	0.999502630004817	0.999547215592509	0.999601478320216
0.999431308198845	0.999711713531843	0.999030143814664	0.999430548163261
0.99950052083395	0.999463349328011	0.999546101532846	0.99967112753871
0.999369814440048	0.999590097906087	0.999522500020285	0.999530938089352
0.999437326664089	0.999852238764435	0.999487961832567	0.998421096857839
0.999384911919275	0.999451678239463	0.9991859311518	0.999494029079724
0.999223807272946	0.99959792036901	0.999760514218696	0.999473347090318
0.999682611843051	0.999489067172769	0.999726462295528	0.999297777932989
0.999398660998436	0.998856954173823	0.999613579672589	0.999223502396481
0.999743328720242	0.999768691401167	0.999076454103735	0.999453934495402
0.999189901339451	0.99855143863303	0.999330120465382	0.999425396662847
0.999754669661845	0.999751301715814	0.999205734005687	0.999132291303246
0.99844800243994	0.999443850618962	0.999726983605392	0.99912542796953
0.999048467632306	0.998925916964387	0.999557115023731	0.999342946444075
0.999265763907626	0.999215621980541	0.999310226799701	0.99962713483462
0.999470751765581	0.99944952219788	0.999521588980029	0.999524342635847
0.998907474666693	0.999648582009583	0.999519599166777	0.999311698789291
0.999246755788426	0.998794790344811	0.999380557734793	0.999434128821758
0.99877781690868	0.999330311160236	0.999569577771524	0.999683370371665
0.999722963592594	0.999716395233984	0.999407840193425	0.999810240492443
0.999608849152742	0.999487257815551	0.999368295172118	0.999722107738367
0.999489749859516	0.999441300068621	0.999582116688926	0.999331220383255
0.999469742977974	0.999211782097923	0.999428920969578	0.99949119511473
0.999433662501337	0.999545823472961	0.999158347305783	0.99944844673693
0.999314554409937	0.99889387498047	0.999437987114393	0.998053475216411
0.999348953732531	0.999407141540998	0.999449226563503	0.99970994476568
0.999231745927914	0.99949257335552	0.999710351399973	0.999691829164235
0.9995685309561	0.999372029696835	0.999563771371164	0.999635134915801
0.999672345968466	0.999264890030485	0.998837451960369	0.999243014509268
0.999491120930781	0.999517160025024	0.999286770752393	0.99939204898028
0.999600724973378	0.999797684888729	0.999502084683648	0.998549383910509
0.99962096808059	0.99957280709183	0.999100105572002	0.999446492601199
0.99939194936291	0.999726288785813	0.999606744349454	0.999691241169474
0.999537599899505	0.998666076210937	0.99954480915187	0.999448569499326
0.999663145607203	0.99982171850902	0.998861227333487	0.99900566139459
0.999077528320998	0.999353733945504	0.999001851744455	0.998732170264372
0.999353132942421	0.999659767224451	0.999360192389781	0.999414514481004
0.999486821952484	0.999165683137443	0.99961637310019	0.999393049159799
0.998681195471758	0.999855105816972	0.99962396413321	0.999226341766571
0.999620396300839	0.999546239323237	0.999459381025596	0.999067065502039
0.999461325177934	0.999051638541811	0.999247919247341	0.999128159024876
0.999345669330453	0.999578509804048	0.999808172421841	0.998808912616665
0.999205778311351	0.999689723397703	0.999438047681905	0.999149206893407
0.998124148166532	0.999391713981598	0.999508972160168	0.99925763219566
0.999367793485048	0.999656182548765	0.999077265755533	0.999384841495141
0.998789281180427	0.998867251223397	0.999552975052475	0.998992049126899
0.999320454617554	0.999393638830254	0.999206524855495	0.998959657845331
0.999503626644705	0.999523154990495	0.999681485881489	0.999627794318877
0.999771096544985	0.999044680306082	0.999785449228885	0.9989201053194
0.999505914671722	0.999464465011836	0.99965882549821	0.999404185195667
0.999561555743582	0.999248187417711	0.999592732417678	0.999681215116764
0.999773417629727	0.999338465576189	0.999276533577277	0.999204896964333
0.999534438942971	0.999641288193727	0.999733855037301	0.999445043684935
0.999246963001042	0.999476496851052	0.999547708620558	0.999723789908615
0.999498390552196	0.999819621587225	0.999683010334874	0.999452700892795
0.999712592493612	0.999612735552988	0.999747685239834	0.999233868230421
0.99960059196811	0.999476706657965	0.999701878937107	0.999580365690344
0.999744669669001	0.999642167493966	0.99971743509143	0.999263759310995
0.999217557462989	0.99848972907785	0.999473320828428	0.998807871899916
0.999296535164557	0.999607575388762	0.999474019205591	0.999325297897659
