0.99959906891605	0.999481500446854	0.999234303243212	0.999698132168389
0.999863753769923	0.999452322330801	0.999436303686044	0.999416452119498
0.999576489577231	0.999642288938364	0.999422062176944	0.999498971719607
0.999655959043413	0.999740884757646	0.999562162306208	0.999834469072251
0.999344057979643	0.999700845046315	0.999446709746341	0.999013477204964
0.999575616818553	0.999689010925524	0.999213702228764	0.999829579544169
0.999554425994756	0.999876829489351	0.999558218310983	0.999726643681822
0.999551226189265	0.999705233323276	0.999627085329374	0.999852379918089
0.999335050945598	0.99908119227769	0.999514153751495	0.999631622988174
0.999683505132268	0.999756655211928	0.999883139963646	0.999484413065664
0.999691953949408	0.998506190726925	0.999712864476646	0.999469467255881
0.999541864425067	0.998619525094562	0.999605978043238	0.999377738865702
0.999766296741595	0.999747675882524	0.999722434267574	0.999824309653129
0.999355108929491	0.999271972185311	0.999522500713366	0.999843524125724
0.999949859990651	0.999517219166115	0.999652790848361	0.999717132335488
0.999798010046231	0.999773042837174	0.999535453743921	0.999628278724742
0.999729497523462	0.99984172841104	0.99942005133245	0.999791916478921
0.999948252129502	0.999681757590396	0.999811832037719	0.999482199210857
0.99959122103513	0.999536510028685	0.999119599019703	0.999539252614798
0.999624932816551	0.999955521162133	0.998592487720018	0.999554982639929
0.998055566425348	0.999615021249119	0.999277594754542	0.999380496837439
0.999845695838443	0.999384314353132	0.999763193816561	0.999516484787067
0.999484997754565	0.997997439882236	0.99953422399396	0.999479479800626
0.999660695725977	0.999319594599862	0.999462343962261	0.998878887361256
0.999708834213725	0.999788056599134	0.999681971768226	0.999546283981736
0.999728732305483	0.999489041439229	0.999771663905592	0.999573240856867
0.999613074822431	0.999075123271989	0.999684453252183	0.999796655889378
0.99967754205971	0.999615977792534	0.999797019981477	0.999481756858682
0.999913953047793	0.999874584784007	0.999701008823604	0.999293313157119
0.999747403273973	0.999804477472117	0.999789683134244	0.99951692317064
0.999469396995408	0.999646681019759	0.999590719604943	0.99959480471608
0.999531915247181	0.998804522599482	0.999432931451742	0.999709774959835
0.99946329898551	0.9996895730134	0.999561915147148	0.999542729674365
0.999745301361392	0.999674945741303	0.999733263472458	0.999321267491636
0.999634822034186	0.999276893745367	0.999334318276166	0.999582923785188
0.999553448976123	0.999393584412539	0.999628191441221	0.999691239462343
0.999189103061378	0.998827186593087	0.999275427568027	0.99968477132049
0.999325272435833	0.999681247710419	0.999143664975768	0.99958554723496
0.999665056087933	0.999859287095498	0.999668449339944	0.999340549596219
0.999888557844893	0.999371357854217	0.999797526540351	0.999875174850167
0.999431471123128	0.999369931221885	0.999770591890961	0.999339228539147
0.999673976123007	0.999689175854788	0.999521600025484	0.999685821579213
0.999784495666617	0.999522972330108	0.999605858743642	0.998989190528073
0.999081785160797	0.99934703691161	0.999517651581401	0.999360160984141
0.998751823778782	0.9995762223909	0.999696945514725	0.999639810913808
0.999536356277256	0.999772824141021	0.999325536237521	0.999331994723871
0.999654818992265	0.999742461202791	0.999492758401788	0.9998081856958
0.999816050459493	0.999657487838368	0.999670606466205	0.99981939909586
0.999412351228432	0.998630476939728	0.999690119768936	0.99928106817275
0.999323122442329	0.999597279596663	0.999553831445832	0.998279092869991
0.999813733801487	0.998969781468252	0.999169565136654	0.999756082845805
0.99984626793659	0.999797472721958	0.999531191594166	0.99897449744934
0.999240796088241	0.99971068058365	0.999783686351662	0.999611567176647
0.999629324766502	0.999627295910313	0.99974990924605	0.99983211271741
0.999645114505971	0.998853647363675	0.999652110629457	0.999733044888709
0.999160681061143	0.999435911181901	0.999852307935667	0.999557006227667
0.999579810668486	0.999531823397369	0.99965966055974	0.998843531142391
0.999560773574184	0.999204863359276	0.999682678831247	0.999636886606811
0.999731329130799	0.999810616103273	0.99945879953799	0.999658254428957
0.9999074023934	0.998682524862067	0.999295457326521	0.999619382935696
0.999599549956602	0.999203836790772	0.999321407337386	0.99964645726502
0.999741990453406	0.999726128609605	0.999609979738756	0.999665920623379
0.998989728077543	0.999437916209042	0.999518263227924	0.999804451748086
0.998902806674131	0.999523713297127	0.999180010500518	0.998879956203098
0.999498380226061	0.999764320705654	0.99960812312541	0.999211754007869
0.999468129502636	0.999237986402645	0.999652725794446	0.999849435443981
0.999905570323447	0.999872807232325	0.999303499540065	0.999631856051215
0.999153377444684	0.999754237228567	0.999726378602468	0.999648811683352
0.999078787534503	0.99919011403008	0.998579888497852	0.999545682203803
0.999489602747503	0.999508120977723	0.999735511678781	0.999202260659435
0.999713250549389	0.998789057062834	0.999594434541079	0.999881673987419
0.999523155880692	0.999027513505894	0.999827022017383	0.999840363031652
0.999795212915365	0.99972480818154	0.999477732640981	0.999696292349107
0.998695995724636	0.999501137566614	0.999483310380912	0.999549918415865
0.999637789834018	0.999798521636386	0.999488881395658	0.999773397503814
0.999795428524639	0.9996949402017	0.999595583821672	0.999756590308163
0.999785543515642	0.999666345535245	0.999844322577136	0.999608113763713
0.999785820034457	0.999874414617688	0.999774448799281	0.999731976752003
0.999683294068615	0.999472342619923	0.999567888811036	0.999802806337135
0.998973543999015	0.999246632493217	0.999438405182217	0.999663116858889
0.999706363962475	0.999665141828864	0.999822272498652	0.998857016280051
0.999565174981158	0.999822208897748	0.999789920679766	0.999895270291646
0.999519605328086	0.999889451372465	0.999235562129505	0.999502840417028
0.999438741755923	0.999624270606666	0.999377653103328	0.999756711113048
0.999598213046531	0.999638637795599	0.999817061182747	0.998932080459562
0.999864010809758	0.999549439843667	0.999365305524725	0.999748213766126
0.999748049094795	0.999869865003728	0.999830781979101	0.999788583352407
0.999556027741161	0.999627313802867	0.999427239106955	0.998701914643937
0.999263523845531	0.999569710923435	0.999720096078435	0.999649090553722
0.999706103086023	0.999542824165401	0.999526436378194	0.999564346206445
0.999688856473565	0.999468500057555	0.999270121180824	0.999383140905308
0.999596401267187	0.999713810561026	0.999547025528855	0.999648278701322
0.99952745286589	0.999432553596775	0.999956987607952	0.999860348487218
0.999516934410888	0.997974974818994	0.999832929290352	0.998956691834417
0.999088084725701	0.999817558368125	0.999628186884064	0.99965836276527
0.99944102235548	0.999981052097791	0.999410506455836	0.999624674549204
0.999764072397091	0.999721056892174	0.999667010103708	0.999601141998444
0.999115357313134	0.99955583009644	0.999588535280643	0.999822242715395
0.999809612783561	0.999707788828843	0.999481193015349	0.999416470988524
0.999719563185058	0.999367138714304	0.999370178693639	0.999200215917662
