0.991194869581677	0.996623677897165	0.998391398697934	0.99804241108008
0.998642768545597	0.998144658835723	0.999103668679627	0.992443407289803
0.996154987295469	0.999169153223911	0.995382205702756	0.995786768265508
0.998511719548806	0.997542264849126	0.998052347573266	0.994385413895283
0.993014627595598	0.9985486270954	0.997228546840471	0.993992635282217
0.997816182632736	0.996079134245125	0.995503720994152	0.995363558712241
0.998385605107547	0.997540215641951	0.998414584772768	0.998010591045164
0.99743677534754	0.998893355664039	0.993885985133498	0.998223408085052
0.996478608578028	0.995156049164069	0.998173293393235	0.998962736571574
0.999120171353567	0.998111145534285	0.996734116587709	0.996262612220886
0.99554434357022	0.998819749049279	0.997831458511296	0.997672791520963
0.996360401091046	0.997368856067477	0.998050763046696	0.997240143495333
0.997375063364218	0.998580067058478	0.998386416914747	0.99688629843285
0.997013985359135	0.997922223770085	0.999423309730586	0.999093727511013
0.997318717932641	0.996340373329533	0.998915340494322	0.998726552900006
0.999032878234947	0.997418919367492	0.998205134036661	0.999108578114571
0.998083554542352	0.999117729782126	0.998994796648056	0.996518837649322
0.998609135017571	0.997752427934462	0.996485884475532	0.998900511403611
0.996834692933283	0.997876257960167	0.997870580281096	0.997350020496801
0.998571749341203	0.997518122927317	0.997794914285357	0.998161088093666
0.997940877771014	0.996703454230464	0.997589166310168	0.998728796120496
0.998225192385248	0.99875947339244	0.996883483432472	0.99923419180705
0.991553890643327	0.997929024474273	0.99536375965588	0.998724497566941
0.997327827524958	0.99684159931829	0.998004877756055	0.998873657147061
0.998435367390191	0.996833759114159	0.995454595774359	0.99820918289163
0.997784616504143	0.998317241046455	0.998064449179755	0.996654346776002
0.99778046097755	0.998254082182735	0.997545284382476	0.998875892077535
0.996098836125583	0.999230664591616	0.997381351743763	0.998461929470703
0.999298965708646	0.997640956125481	0.999664382119838	0.998352138102342
0.999093663813783	0.996074262447723	0.995906398151169	0.997504305785242
0.998899396900236	0.99626051658601	0.997367469429192	0.998374234151602
0.998410772630148	0.997909894152805	0.999154543870899	0.997637274891296
0.997241417324798	0.99877431176786	0.996177881089783	0.997656539278634
0.998533493099862	0.998345540404121	0.998166666612125	0.998591462594911
0.997767190097712	0.997658514759722	0.99763637900718	0.996236522836435
0.998833676460462	0.997612838359519	0.998287036835664	0.995848232858731
0.998724715228062	0.998870768111642	0.996632824376709	0.997391876891254
0.998701972957521	0.997836724895741	0.995867945838264	0.997154663889242
0.996267287895058	0.998876633156213	0.997412142219061	0.999019578641109
0.990323469778244	0.998499569378773	0.997276549681183	0.998393164451576
0.998347301073651	0.998128567565038	0.998317168441543	0.99703667603427
0.998349436066065	0.997735792568879	0.996718494014027	0.998605829407953
0.997929135274081	0.999100444565526	0.99755756190916	0.998986567297002
0.994629537740457	0.995429745458503	0.998256867628954	0.998073339617606
0.994679373795332	0.998579476136018	0.9989170507924	0.997952007101517
0.996719329451629	0.995673812263066	0.997632099087984	0.99781516562021
0.995968071912944	0.998458082337269	0.989034456402623	0.997544064041807
0.999021180035454	0.996664912966897	0.997991355741946	0.998099367747781
0.997817414686878	0.998042881394793	0.989996733577886	0.997646180782894
0.998298692209865	0.99450127872981	0.994498249199885	0.99808080347789
0.998362164959103	0.996868848028276	0.997911725190796	0.998537588392931
0.997373453839863	0.998599399480938	0.998170699595749	0.996846845100791
0.997197841166372	0.997590179243414	0.998274744747776	0.998436268464713
0.999049669413426	0.998098735389822	0.998555385664191	0.99826562480968
0.997593603500065	0.9985539477187	0.995731774190263	0.998888153431365
0.998528787242597	0.998176366537148	0.998062618306707	0.993752169671808
0.998862059593841	0.997273213813726	0.99688402251086	0.996598048948993
0.996114051430719	0.997928729854778	0.997919728539916	0.998788657364069
0.997393186206794	0.998121447787824	0.996449547689979	0.998670984207969
0.996921057729579	0.998112301090468	0.999399178102159	0.997663380324239
0.997749498934233	0.996971182466591	0.992781335378045	0.995840568291553
0.998298803480298	0.99870072442874	0.998504008760526	0.998385135938227
0.994201056733521	0.998838525697123	0.99801914028476	0.997974331740447
0.998018625093979	0.998775027965066	0.997120607943045	0.995072325816576
0.99897502498683	0.998310090143491	0.998927910353632	0.998556205236634
0.997195206221891	0.99544145716198	0.996768463239121	0.998601591434141
0.996980741422953	0.993040549357863	0.998754964300465	0.998551482821748
0.997135973875439	0.997426534744802	0.99654010662945	0.997999963529272
0.997872642414135	0.998153357615775	0.998741042445528	0.997699030333422
0.997382766538451	0.996236615982183	0.998986197211425	0.99772208213225
0.999158467907581	0.99918698602543	0.992436538311896	0.99717662704377
0.999342240403485	0.997276370719638	0.998156812886692	0.996964202100071
0.995773422839419	0.99533042899337	0.997845684615021	0.998300804138457
0.996613113773565	0.997429852454149	0.997828588401532	0.997958204689429
0.999356518255308	0.999149341813729	0.998562732131884	0.997203207929233
0.997933997352789	0.997496709796358	0.999286504108879	0.999113671753062
0.996699122595955	0.998259512506342	0.994988743651208	0.997808200544147
0.997669618741064	0.997950830936398	0.997589563520444	0.998742932795243
0.997947411957571	0.994868178812287	0.99865569112362	0.998226099311468
0.999003226755988	0.998334115622166	0.998166502796333	0.998567013335991
0.993807720719888	0.997457536780062	0.994486411566779	0.998109192714961
0.997129855038978	0.996904131907962	0.996721271426879	0.99766167798261
0.997055572884885	0.9973248434307	0.997686634085517	0.997938983046333
0.991780690054826	0.998804212868961	0.998459683528335	0.996417132071862
0.996144587376793	0.999165491666167	0.998283598855997	0.997742868467062
0.995992325580222	0.997758647947933	0.997759564119827	0.998524677868711
0.998865479667262	0.996604792949434	0.995321229604215	0.997875948734944
0.997865324800964	0.99716522155766	0.998514796862284	0.997915034535585
0.998977603744015	0.997148652532284	0.998645857308574	0.997885305074531
0.995560407104206	0.998003395806323	0.997687897547459	0.997435107907139
0.99479144465338	0.998139559403779	0.993954332031114	0.997119875916886
0.99662204641642	0.997681561493717	0.999087875117407	0.995779758291022
0.997596601126869	0.997744879946178	0.996813200711212	0.998172433168034
0.998766011362351	0.997862116324808	0.998288238704076	0.997728888289261
0.998449394040091	0.997301525535618	0.997390377441494	0.9985540197843
0.997684814955221	0.998576303766488	0.997728836058774	0.998697430231881
0.998080774031438	0.998350354478946	0.997865270849459	0.997121862117461
0.99745904545181	0.998514579457863	0.997905439513304	0.998482952035887
0.995938543408181	0.997992897640204	0.998999462473277	0.995460465504333
0.999020728786441	0.997842310613864	0.997635487829735	0.987812689218404
