0.993816068839377	0.994687513332518	0.997198856626015	0.994700644220894
0.996512059329156	0.996884279088584	0.998417225537304	0.997872704386019
0.998508921208282	0.991084117987687	0.997413610866136	0.997266741717175
0.997870846893737	0.989414206076728	0.996805853757022	0.99764936546403
0.994972609312555	0.996503051788353	0.996266015996215	0.99668058939268
0.996715865393165	0.997949841677468	0.995767616306816	0.997794661553431
0.994607415195829	0.995772356443768	0.995642861323566	0.995763766027618
0.992357011339329	0.995591806598848	0.9958838219641	0.994431048989567
0.990722460702387	0.996153884148127	0.998540248775957	0.998060947522914
0.997683631626891	0.997161200571133	0.993745736527203	0.997497141945895
0.997186722729472	0.996950307191857	0.994470748925941	0.996366315482546
0.997003069243497	0.997209547723604	0.995469927971212	0.997563410350493
0.997543176499643	0.995776834612119	0.998516641710533	0.998644936893312
0.997329843831942	0.996458370685835	0.997628650455715	0.997015826756337
0.998439900637172	0.994888608462511	0.998081015359129	0.996158877620668
0.997157975285906	0.994877923028284	0.998049827567692	0.997512905029505
0.995692205593488	0.990622108534727	0.996264032568638	0.99351917479756
0.997037479490783	0.994975611678917	0.992133105446879	0.992655391894424
0.998341992397171	0.99656975963194	0.998561904564413	0.997837501211648
0.996063749480275	0.997547427307897	0.99051283117073	0.998412238746402
0.995730619749144	0.997523286229179	0.99849363145061	0.997670552556884
0.996002056942095	0.990570947629823	0.999161491219471	0.993066521691155
0.994536626350951	0.995479258840434	0.9942337570585	0.99067477037001
0.999068315820095	0.998481142837193	0.996736204009941	0.995744083636535
0.996957991551268	0.99793399807993	0.994770617440919	0.994473916920456
0.998012954366964	0.992788885324669	0.995788421034727	0.996535324561127
0.997096883159779	0.995549403571717	0.998053670324617	0.997787812864324
0.989825713527032	0.998652729585431	0.995029802167501	0.996268190973951
0.996327646176552	0.996864176353423	0.998083169747444	0.998424019753087
0.996855640682356	0.993764722652978	0.996047922753417	0.997133704402121
0.9930039971662	0.996103541674361	0.994739870509426	0.997591258235221
0.992484599951417	0.998292747398141	0.995480703583328	0.998220955277524
0.996618795484959	0.996889462848582	0.998111484385405	0.995803189932221
0.993327472556357	0.99826230653143	0.995535848384668	0.996346123120959
0.997038618314052	0.995167838489126	0.996010043234139	0.997164352237036
0.997057267087185	0.99838910967228	0.996855282831686	0.997510619192614
0.999625054634514	0.998474626076707	0.997741349671584	0.99786425214365
0.995552138685322	0.995094279160912	0.997193717495398	0.979737692788543
0.995556422187193	0.997387979526281	0.996589878705727	0.996861419321382
0.997264117540629	0.993936340605311	0.996305748036951	0.99777247615942
0.997741725814138	0.996473040293492	0.998552842714636	0.994176549637227
0.998450842963706	0.995536318061031	0.995747699345965	0.994951499121802
0.989489302607665	0.996631888523141	0.997846898813436	0.997491397513086
0.994695909402158	0.999187498593774	0.995606378980448	0.995223184051366
0.997857281735846	0.992981312201627	0.995587074245185	0.997149032965217
0.997873951732266	0.996590670802055	0.998265275567531	0.996443786013578
0.990761274252146	0.99660866944928	0.994815317732031	0.993694021328151
0.992590028852707	0.988196529150803	0.995149013899929	0.992513828181984
0.996028933847254	0.998934525889445	0.995743571637339	0.997640397560035
0.998258831584688	0.991942006126677	0.99708554684283	0.996561062144005
0.997827843399328	0.996220033591372	0.996231244593321	0.996403048746381
0.997240669517737	0.996157569292221	0.997975427343334	0.995910237251172
0.99686035047536	0.995807445350505	0.996308004563693	0.997482317623301
0.992596204467831	0.994162263676688	0.995958132662015	0.996790838238555
0.996983088747765	0.997097256269332	0.994650939421824	0.996320215894255
0.995201038048146	0.995562770307501	0.999263830507943	0.993677891713406
0.997005084531644	0.992617442856646	0.998797781444734	0.998509241071687
0.996335122169894	0.997831511267276	0.993265645330915	0.997801580258308
0.997274793914059	0.996363259383744	0.996496133143095	0.991801856686436
0.994341970284391	0.991246919088916	0.996463966108369	0.997471340137427
0.995589728659837	0.992046855567405	0.99919747511937	0.994667173701809
0.99742070612437	0.99693700118571	0.997278622708887	0.994953278326154
0.994472691060232	0.995430988005032	0.990290924676363	0.996586174054602
0.997321142746339	0.998599212264009	0.997241375519851	0.998070505678085
0.997200527879429	0.997990942826078	0.996320217012066	0.99652745317763
0.992200446943389	0.996308508996507	0.995289810004389	0.997146129231443
0.998530755210522	0.996899221219632	0.997985560599146	0.998587862269961
0.993766030529853	0.998040188527601	0.995156853990916	0.989318707327121
0.997011401826968	0.993856965615539	0.997019408822962	0.997572601765244
0.997483957508398	0.995725288838021	0.996032543535772	0.997287214080467
0.996350541116944	0.997066719168265	0.995301947930842	0.993390865459161
0.998654231498771	0.998782430990281	0.996827441593016	0.997555214743334
0.996101448390654	0.995360954067978	0.995486325703889	0.996575758022586
0.99775898169596	0.998007566722107	0.993697619970282	0.99559389906314
0.994004472536917	0.994370214798503	0.99777549443299	0.996023413405215
0.997341528348734	0.991476056451442	0.998089100599119	0.99499123094953
0.997900002112413	0.995522437189386	0.998507175377425	0.997226751624825
0.998729337008323	0.994685701173104	0.997048890440035	0.998320803653514
0.997644629106085	0.997720039038648	0.99514605398607	0.992333155761538
0.994893001812529	0.995980120707431	0.998428486263365	0.994336226985111
0.995373265521158	0.998384188665993	0.996666186968925	0.994552175260146
0.998016349441027	0.994894506424286	0.997138117104512	0.998031218995072
0.995017000491693	0.997574342262912	0.994876164040041	0.991840958663383
0.991868100645158	0.995899490460446	0.999023061349281	0.996028599932419
0.996466495640578	0.997138014374323	0.993476965443963	0.994500399966113
0.989399915252137	0.998775533196193	0.99506548735927	0.996361044820069
0.996138538510737	0.997332869578675	0.996842740741404	0.995803841411482
0.99343569944225	0.993177976515902	0.995639086918433	0.996635080670744
0.995855446553735	0.998634453540635	0.99830051436074	0.995652140839096
0.997379355838735	0.995873731407102	0.995994157839554	0.996896122938816
0.996845443108297	0.996301458746488	0.998649100142836	0.994588339434481
0.997457929604527	0.998692649026089	0.996683383710245	0.996679600129592
0.997925215782598	0.994810532957772	0.994970689646775	0.995242977876052
0.993394607703856	0.997749273404414	0.997655665350644	0.997264568693527
0.999081157278695	0.997939232800872	0.994946686103132	0.997032583725571
0.997846237470697	0.991191081129629	0.992286682767534	0.995736244020507
0.995599818745419	0.997047831903641	0.993543145842165	0.997594746084528
0.997445385232733	0.998178844706411	0.994848138077925	0.987933546789414
0.996374250832161	0.998044458409286	0.997252420341008	0.996418183404103
0.99664051712506	0.997132946116934	0.993864422777271	0.994335574845427
