0.997895743784067	0.996229749468253	0.998328935485075	0.996624050443658
0.997979566250722	0.997091969215781	0.999159561156682	0.99665399722945
0.994004143160137	0.996552226270287	0.996899727544701	0.998206676861228
0.99681532869501	0.996925716782502	0.996289655222529	0.997713429587971
0.994553277412856	0.997643598894	0.997938873062212	0.999059166253683
0.996240935016324	0.995955239773422	0.99830785433844	0.996929405113034
0.997433116085608	0.995478608978202	0.996464746906749	0.995558869643803
0.995626517682503	0.996568052651662	0.994975754696845	0.995386424022401
0.997620152294609	0.997210558770827	0.998531899716013	0.99886963781987
0.997385013919266	0.996148684123135	0.999017440656516	0.996632960940923
0.998679570140933	0.996208700489733	0.995999124327348	0.997655450311691
0.997316229696646	0.995075121639904	0.99678320282895	0.994418911098518
0.996957386787286	0.998294361569266	0.996171157954252	0.998028476193737
0.996947655267745	0.997713970448862	0.996911018054113	0.997564136502291
0.99720568654853	0.997817136077457	0.997018899204925	0.998025110394167
0.997375726672272	0.995693843703429	0.996916175840244	0.99634497325723
0.996112458883497	0.995814039600381	0.996505845693739	0.993342706492588
0.996076829082498	0.997823131936628	0.99934419875589	0.99770686653103
0.998212643839269	0.997903609809337	0.998424849711703	0.995684922312672
0.995087078064945	0.995833943090726	0.992563870441016	0.99629572188185
0.998542445122936	0.996609643116118	0.997351241316735	0.997562033664802
0.996688793091228	0.996154040138469	0.992288992113822	0.998457192374213
0.998008328125039	0.997972286334158	0.99682508399544	0.994695223257876
0.997670701767718	0.997032401655384	0.995219345431352	0.997532805277833
0.995297888114134	0.997747966588362	0.995382480225822	0.998344671259531
0.998659759042118	0.997333946742413	0.99665683552235	0.996333951170941
0.998493773859675	0.992751664353686	0.995612153937192	0.991868414754129
0.998617183827698	0.995266026042844	0.997848868714803	0.992796049318082
0.998734695622276	0.994353986006853	0.998031596373308	0.994504604288812
0.995147456276032	0.997097976950528	0.996863093209001	0.996786369022598
0.997728132633408	0.996018525370871	0.997680508704727	0.99869554444086
0.99468181403454	0.996472170366309	0.997541113746758	0.995918095197739
0.996905233893301	0.997033371724707	0.993305519727457	0.989947456894708
0.995713068465014	0.997285380376148	0.996882680600335	0.993538768504388
0.989550425336959	0.99658531948779	0.996031941549339	0.996040504785038
0.995073413777524	0.998272386855757	0.997777982729522	0.997728380477508
0.996385256060468	0.996497319129719	0.995673670770776	0.997380348429521
0.99714352516009	0.998910334529437	0.999062999773323	0.999322939218048
0.995448602784995	0.993826070466744	0.994559782491158	0.997992751820881
0.994727041887288	0.99698032198225	0.996654401840009	0.998969162085003
0.99752279304588	0.995396684556045	0.997350128862398	0.997795521878399
0.997522460546164	0.998818927512118	0.997308840733541	0.99836990369556
0.996763776521734	0.993191288241388	0.99834859389824	0.99756446613569
0.997728894651157	0.998066420326558	0.999278003482212	0.997392652073374
0.997742015647555	0.995726521036141	0.99751325122835	0.996717929935599
0.998283798220842	0.990089514167653	0.996794881148394	0.997970215528482
0.992878383131645	0.996444581431603	0.99585935651427	0.995588020605903
0.99674216710849	0.999090992932523	0.997793570642744	0.9975229302909
0.997894897599802	0.996759671212932	0.995764179781901	0.997721187332875
0.997955591926501	0.996260737787351	0.998427701665942	0.996861782849924
0.996625371515549	0.997971779094486	0.997025529650177	0.997831486773976
0.997636110330436	0.997501513370189	0.997224294305898	0.998048921118726
0.99750309534164	0.996504337337821	0.994014814177302	0.995536399976858
0.997897107498298	0.997110699767764	0.998147687093191	0.996309257522686
0.99274558414051	0.996415252840684	0.995875917219815	0.996593849974182
0.998065964191948	0.998936802228745	0.995279375295347	0.99578254570495
0.99449917017811	0.994931264333863	0.991422607838915	0.99510958477018
0.994133569575119	0.994671170311325	0.997567588413029	0.997144909358095
0.993120871879136	0.997013013564234	0.998584431926814	0.995831108162445
0.995865119737331	0.997774300789432	0.997655165468666	0.996129697709864
0.995782867767296	0.996539044258376	0.996236081459305	0.994810504353306
0.996798346641068	0.998370070989646	0.995070471870611	0.99667560507002
0.988026610884545	0.996985272545887	0.996659599569743	0.99720083217967
0.999488490784013	0.996753150714374	0.998597483862421	0.998448056448349
0.997399905411636	0.997571305900828	0.998648537801913	0.998744186560565
0.997418616150224	0.998940352088762	0.997694357846852	0.996458464968858
0.999002644010107	0.997519049470191	0.995485779580209	0.997008932636518
0.997570752605292	0.999170427272788	0.990789718719894	0.993684400142267
0.996290562270318	0.997905596110498	0.998391578794542	0.992127151896255
0.99616893991127	0.997694232994641	0.998528507474647	0.996903469865274
0.996830317645662	0.996291261153962	0.995419781738658	0.996691249780707
0.996349797556624	0.993163351898457	0.998162768059341	0.997401124866098
0.995152931980771	0.99635615783858	0.997753785665613	0.998728797853611
0.998627835452431	0.996654985250996	0.996929744205692	0.997670972186448
0.995303575529516	0.999008018232864	0.998791808076342	0.996089595846832
0.995401404540712	0.997597664564784	0.996372681114145	0.997009858791246
0.992264171171618	0.996282815021002	0.995194295168825	0.995758867821483
0.996252003914782	0.995339440082611	0.997140530937165	0.998651924956385
0.993787406320571	0.996321021238254	0.997399390868188	0.994313454984256
0.996958231589296	0.995858082116574	0.998370897311267	0.993925014850148
0.998924341277304	0.994922358574103	0.997688999083605	0.993134435429831
0.993273064856309	0.997075291032835	0.997543168857253	0.99668371916841
0.996079819534094	0.998019137615727	0.998263966583385	0.997268179078291
0.99753088530621	0.992987153939479	0.999151358256066	0.99701087022973
0.995850377973506	0.998124863672963	0.998401524050297	0.996066453419571
0.996518973255035	0.99491250516225	0.998013458037558	0.998467015903009
0.995853711176496	0.997256623839412	0.995484837559391	0.998013048920169
0.994402717494312	0.998594033838796	0.996033414817709	0.996912305844422
0.995288684225459	0.99757364822492	0.995175993351951	0.993839273356996
0.995528687270863	0.996670736139418	0.9948154565587	0.998553367826435
0.994486492616618	0.998201494176475	0.995290771823299	0.995621990507025
0.996940968139763	0.996541462224447	0.996330619644471	0.997575594236958
0.99795745586815	0.996617260638794	0.995019650530069	0.996874909607283
0.995817365683156	0.993267753133273	0.997599427056029	0.99710685770363
0.995978213076635	0.997857836663825	0.993523083514642	0.996181894818876
0.996905923628056	0.995818025311186	0.995394583244354	0.995305087045252
0.996345025193035	0.998035234672986	0.996479563018227	0.998512709879971
0.998055092275734	0.996990138834277	0.99654256409177	0.997921867843173
0.996255066220065	0.997821468190699	0.992324365582576	0.996994816262563
0.995262279547872	0.990975046645005	0.996901817418751	0.995936848931102
