0.973665607261696	0.931265562528148	0.970228519083892	0.87462516024361
0.941579650092095	0.965394325567067	0.972864631564401	0.9922436125637
0.978420139047266	0.976350049039156	0.972516860309003	0.983803299208848
0.96820543951034	0.988674868750634	0.9817085839077	0.98149123995428
0.958703260274999	0.991911078841785	0.977140964473146	0.916546345302899
0.952293449447216	0.94829722396749	0.974746442371041	0.984825359772913
0.935598921264114	0.989892314653202	0.982448517813427	0.986467594029931
0.979202373856953	0.982679461982944	0.988227649338907	0.982334441980069
0.986992291431953	0.955020406326477	0.97856990155543	0.958166314391777
0.980043269053882	0.961184242031006	0.981008483508995	0.987417947770089
0.949363748404685	0.977030323102744	0.961713715543731	0.95608848493625
0.973625411036079	0.965621330964801	0.967820947422011	0.987458755731965
0.976290203328434	0.988581734813182	0.987357539181099	0.965354638482585
0.985412645464946	0.970562235667021	0.984498646776019	0.919828737035528
0.940439577628906	0.963871133135229	0.967363861874435	0.953086526961434
0.972674453743226	0.96539755167798	0.946707613391106	0.986734678288953
0.975669681949858	0.966839938988711	0.980425997399977	0.97743561111093
0.958657745504192	0.983802317385287	0.992743207133286	0.982669173810884
0.988008565206679	0.973354827059043	0.991766858143772	0.975419051051111
0.966537370891363	0.985074605294128	0.99094870465276	0.989434123791265
0.977718859236734	0.958036701048559	0.960055999389692	0.955704822257929
0.927033180001227	0.961845117199538	0.982987500854708	0.984363363003729
0.962357348183043	0.986656420589958	0.950825678013305	0.98425191895713
0.983976107649108	0.94783643631592	0.985455824236248	0.9874196845853
0.98172532800687	0.980945421815256	0.963590953644818	0.966872478729514
0.962856008268498	0.977946704772428	0.986517354993034	0.964438069071419
0.990167960045981	0.952614556545976	0.975984228102875	0.9526166005461
0.971911105334781	0.959984917009514	0.977981094295826	0.984838103022146
0.985081988823944	0.985610307186714	0.970697340767699	0.926973150746728
0.913428436671781	0.990321145934279	0.9810942535143	0.962037177988851
0.963232837634886	0.958067329783461	0.986161991413814	0.936704546263134
0.909400820530965	0.981033920719654	0.968899888413179	0.967382196363199
0.951881796512017	0.973946779808834	0.994297402785343	0.986548615760252
0.981277916979352	0.979597448631177	0.969022812504732	0.980637478129314
0.967776396298882	0.967715161492292	0.967035863925439	0.946360767826761
0.974685059794731	0.982951468029477	0.978007859146314	0.986016787763321
0.986997394436287	0.967390055533344	0.991003351287732	0.971032119368744
0.991140988812981	0.977035460511602	0.984031432245258	0.979689086224698
0.967855501788734	0.975670564727885	0.993953597482098	0.952640259543471
0.954244538683968	0.984045352449246	0.976437186382621	0.950885616265038
0.914060874139777	0.952163376452811	0.993311355587486	0.978681012659646
0.969415864434894	0.971280538542804	0.986940284192149	0.980666296838948
0.9811707857833	0.991084503813211	0.975204302125945	0.979358414611567
0.970768767880812	0.959460281553293	0.983795891863895	0.939800985426469
0.941413083982084	0.978998343887887	0.970495059850464	0.984831187784888
0.985489787654933	0.978291371124385	0.984262786067729	0.955316900212969
0.985646676405834	0.984672032213104	0.991920009683742	0.977774685849172
0.980051929098972	0.977480440384432	0.984527617126225	0.948539971355022
0.978228935813868	0.986304254528452	0.97334101761362	0.962300318212057
0.987414534611296	0.922726388123528	0.987443149944607	0.974875582286912
0.983646586162878	0.976365621618993	0.987677246560582	0.992025681386949
0.976156629212287	0.984792744213144	0.98387755066484	0.995460696366192
0.974788406352603	0.993406106794405	0.967492132067753	0.993212294450016
0.965472630420489	0.943229602889807	0.953124356808996	0.981015020174548
0.983724452478918	0.97656500038522	0.978213249118288	0.956531424337887
0.986092182845634	0.950189926362318	0.991803831095917	0.980791095644349
0.956592560461327	0.945940558169896	0.960940313717068	0.953590199332014
0.975241583165689	0.979295556300846	0.963571920613384	0.961426929757127
0.978959502561866	0.962142590011109	0.981729734396294	0.966127780320123
0.976802743347684	0.979898828337911	0.893732932256803	0.983886433356562
0.989860431940748	0.985183131055702	0.962188669762206	0.966514851537948
0.969166344967018	0.980060874089591	0.97880284786392	0.97054406632049
0.952462428899491	0.963916827427486	0.984381768997382	0.986851188936144
0.960642613106159	0.973149409622509	0.972630822623114	0.992263631465783
0.960379246766297	0.975482415923376	0.971834377510497	0.988695385518421
0.980154573758084	0.990572157305437	0.947559696194171	0.953121328647122
0.983895191483142	0.972242600616419	0.943662787392427	0.978398305081379
0.984935456494387	0.969409998466767	0.977251743065151	0.922202169330505
0.980404273517244	0.94216885993382	0.978056360603589	0.995382315146411
0.981857582556838	0.979051508502085	0.976347426879699	0.981376548048838
0.963904821298698	0.974302019786545	0.963223572103127	0.951750439272459
0.974177664105325	0.978080870232174	0.971960483659638	0.973188745784204
0.969980308064725	0.960777808961347	0.969174804631948	0.970552543268018
0.991547347456054	0.964307695008392	0.975995198642003	0.99230075835397
0.984110073522628	0.979638648362604	0.988642189253048	0.962267013751904
0.97515887261459	0.980494855705291	0.982007384654251	0.961069111298436
0.982521550297991	0.958075679536459	0.979112911982517	0.956470107500667
0.96550573152105	0.986443438782037	0.974518941311346	0.978110503884435
0.975756417124654	0.982425744007671	0.962210734698881	0.978504808929797
0.973953580955259	0.977921848422846	0.975072912636017	0.959113695231161
0.965763192742171	0.958091803135478	0.975843343643522	0.969934214484395
0.915283639549638	0.988112730847881	0.978527514906512	0.970907058132726
0.986333225494628	0.94896027230887	0.966960652254942	0.97418348555915
0.955878984044779	0.971980836048306	0.979741076146909	0.965885613256511
0.992245535566928	0.967536095150886	0.965979134012561	0.976868353524382
0.975162533560931	0.949635005422735	0.981831204429707	0.950477797975091
0.976607482378022	0.983919417578466	0.978306095344776	0.959518371498671
0.942067245486413	0.976175066241683	0.955838477015033	0.97758398567511
0.959822178084878	0.953146385349076	0.958286146425103	0.965678245740281
0.943896454038158	0.95317568173374	0.965706111532531	0.982257516449837
0.959166291104281	0.979647034863202	0.961838281349735	0.976011444654134
0.982053967515278	0.959192923099506	0.971643171644901	0.988065199843654
0.967754861100468	0.990463683176947	0.981658752614216	0.987972072504316
0.964671251441279	0.953960225976176	0.98477072288911	0.959413634810053
0.990085274726405	0.963412181528782	0.936578546276342	0.982846148661176
0.916201083344624	0.966668161793802	0.965712104287427	0.977493397355553
0.969373867415216	0.940337926252754	0.963376303244481	0.963673982400975
0.950089639478399	0.970064164096605	0.984152668262088	0.99421762890768
0.954057888101113	0.979608265798602	0.976594903724478	0.990439170962764
0.98046717634459	0.905432538898443	0.884796476208506	0.970506973682352
