0.834991596846589	0.928677162813467	0.964135238875357	0.947490693499327
0.966287203986655	0.910641573188006	0.958255786136236	0.954787428497119
0.969757719485738	0.974246278558876	0.941428207230297	0.908148438964467
0.9696450350152	0.93697560969784	0.583356981590761	0.839766136688075
0.958227496557716	0.97911851490513	0.952779474417089	0.9204012788781
0.949554713505434	0.96173129991247	0.938032454717933	0.902816145878715
0.929223677304168	0.940244819835233	0.987926652559968	0.865434219435116
0.738306234249189	0.943200748011566	0.804183245591926	0.775189882008965
0.93924625989084	0.946982224260063	0.789152309281336	0.827874890567929
0.972917253276065	0.938907200470039	0.929255198437299	0.893829957915026
0.918995175069806	0.949434836241323	0.970982443776695	0.833597175338726
0.901261933974544	0.957667910640264	0.957239312669228	0.961265590520504
0.977995864657046	0.91615215243636	0.966454604004836	0.972449095860341
0.955555784788639	0.955589137558956	0.902970361383779	0.969520203856697
0.945627709713943	0.957195501038706	0.943687062278545	0.946086839868285
0.959068172472418	0.964402241280762	0.929776635098733	0.966398293861779
0.867472251261629	0.959191772456102	0.917841266865173	0.95381807059538
0.8526310027637	0.963548458557159	0.936441610020959	0.889312591976343
0.922544011801169	0.909128234284353	0.887094401968112	0.976840887711031
0.88682196948828	0.927136687362791	0.970706115742772	0.965152899814028
0.933040707522916	0.926058018393444	0.927128488617185	0.884122024736769
0.766282909246989	0.808369906402608	0.909486863014616	0.887642405058253
0.878656853621606	0.96645296242398	0.891214718176933	0.968612725704744
0.903859472519461	0.912636272321211	0.990337586900235	0.946599104522167
0.905924917287335	0.918639753685325	0.935207752951696	0.938404890379189
0.81833098564973	0.911352287103129	0.892652424796951	0.94157877503855
0.891621577971704	0.922893018438055	0.918818125936284	0.949859645670642
0.961877703494483	0.936988058694241	0.912442861886651	0.958566619523625
0.905313500961631	0.901420416320007	0.979138945170419	0.788082002760881
0.802290687466265	0.82185519962028	0.943496535222591	0.938663929699333
0.938193300335911	0.979885078243098	0.93274033170636	0.963114115333124
0.819802068576713	0.892252492442642	0.88862337202155	0.910680359398368
0.977953080427082	0.884979598246029	0.952748382347208	0.974226562620995
0.97036169717389	0.971964434295294	0.972932330973176	0.957985518267283
0.975629999195881	0.950284332705541	0.947025268709868	0.955926799425975
0.907202199391344	0.978137394255079	0.954564836080029	0.889266785238933
0.945692567978557	0.583986398333801	0.628422925131927	0.853985908221619
0.929683406940095	0.92629847470357	0.941663500331149	0.892189607773368
0.978886495511763	0.933904915871109	0.967434154106006	0.957491305677139
0.870543444100174	0.974410921417199	0.922861780581276	0.954599793015283
0.893416086569437	0.922024890301601	0.930503991157693	0.942892182308209
0.984395884827417	0.969554229630669	0.971758856951867	0.954080764408027
0.921433418439748	0.948075269569135	0.981743805404702	0.986035330892619
0.97424532219257	0.942909149978308	0.845906525973354	0.942999311453326
0.761633216928159	0.764686429081928	0.463153976351661	0.946735585626894
0.965592972631277	0.959641479920024	0.961331177136745	0.964881897941657
0.948999237059571	0.966342468032513	0.94375681196301	0.944641644867119
0.961552925196914	0.979122130253859	0.925446873386681	0.979366411042595
0.930154440272564	0.941995943195631	0.961150066905311	0.904747492460385
0.979039650813889	0.9349544665029	0.97029203602863	0.964018134533587
0.93627573176904	0.937848437411127	0.940576058352631	0.934093807441654
0.757909530606395	0.926154031022852	0.942549522561353	0.871404279577292
0.90831305338474	0.910084065159978	0.982774942134569	0.93061107881406
0.851525513797185	0.964251104173687	0.940207418017305	0.955311494988671
0.968724196854613	0.894865463367315	0.9364246255782	0.915021112853167
0.928619754728787	0.945640776914832	0.742009644182378	0.770372052542336
0.981396460484512	0.898024780661571	0.976523953823362	0.961514178243709
0.961091546868476	0.975708950161475	0.870659900520687	0.730699806638629
0.92137182566284	0.95220103149305	0.906256850779851	0.949862115758637
0.961668571027047	0.921659162217566	0.912106824860212	0.95311240398392
0.890640316800298	0.882919763663519	0.73508871050459	0.523036987824459
0.966127671199662	0.955858877409741	0.962189835047036	0.931609334293134
0.935726328633733	0.617380099737734	0.889794823646536	0.967777246273874
0.940215426478895	0.980944240730298	0.935843021660332	0.970758996937817
0.939525226841381	0.916421098540942	0.943778678386442	0.946531799749933
0.961340099171076	0.973059729323247	0.916281380952107	0.964137697173458
0.946979374243875	0.95705394732693	0.955429465753886	0.892474536353644
0.973292106128067	0.888650463909192	0.976168273673951	0.97071607149813
0.901124643243218	0.955344250059653	0.762563748462358	0.94843212044656
0.963674591383811	0.853483420841442	0.94284789001879	0.968438235382526
0.966411052609674	0.895282297287255	0.921479944925779	0.855713950703096
0.948028129566144	0.930290554901495	0.961861709526481	0.954629624464334
0.867507894645542	0.683232025880887	0.718278642484165	0.975461222523408
0.808098031616121	0.871649535693918	0.903043164623323	0.882172995983889
0.878511298455845	0.943015839522568	0.914346918460279	0.928501196406918
0.972169870116337	0.930307525873199	0.96629094724768	0.957553641328123
0.88304603217849	0.950330985029708	0.977900315551252	0.87600337838083
0.956199891777464	0.986642653072096	0.973006168311648	0.971991658344962
0.96772419825116	0.966589519507122	0.959451133840059	0.971428822777097
0.889418558151238	0.948291291162564	0.989963500880762	0.939344648286719
0.663191762029071	0.867944361028069	0.631824067471802	0.745887431740252
0.733320088516439	0.628199718694489	0.853260150981769	0.851573775940756
0.945371070764725	0.936111276088794	0.915462923486287	0.973968076467078
0.982677772664104	0.984015104154308	0.954497456533567	0.92372255277653
0.863682598239938	0.938074039696519	0.815082002185074	0.562272706360299
0.960432323945685	0.942311179510811	0.835675190287788	0.92622689738618
0.979514676622025	0.976593450635858	0.944788028270317	0.942727166182602
0.955035929496156	0.921478876099522	0.951507802663449	0.749126319111182
0.963701457893005	0.968677906866774	0.957940287903551	0.972469015866926
0.919628026889561	0.858462604893353	0.941782814996231	0.951563894188741
0.885658232024576	0.954957479677722	0.800028136076115	0.892275485275049
0.964846180445456	0.971264453076092	0.895942834106652	0.96430659647891
0.908824628283781	0.939127743370963	0.911208096998181	0.958142781539808
0.967041497602772	0.965850291624848	0.945154815761654	0.944640453725258
0.967492097161477	0.906691984352589	0.864490539404317	0.911467281002823
0.791270580526473	0.934237292769136	0.739514065936801	0.956412023145092
0.915895091783707	0.910744546385806	0.93669718605471	0.935654602757517
0.840941575151706	0.949535764853609	0.857991477315529	0.93411224996603
0.916163819465196	0.945812615252622	0.97899909975695	0.965248613412039
0.916212814690056	0.924850750769711	0.932667071850145	0.862020080555913
