0.998456715323184	0.998528472949793	0.998318178378103	0.997880682766095
0.995818690935771	0.997249217167982	0.998995507504796	0.997910923209211
0.999711447485129	0.996393929595727	0.998916698143806	0.997950634967985
0.999298360602457	0.998067893143814	0.99925131063303	0.998701751680172
0.998868165669265	0.998035902230705	0.999068009085131	0.998610657355498
0.997370482604149	0.995597706491938	0.9987211597439	0.998502239516577
0.998237514075067	0.998448005616035	0.998753354895969	0.998348082953721
0.999464698798004	0.996543151965165	0.997832946987291	0.999020879063678
0.997906116016819	0.997994284614236	0.997327065525277	0.998680709189957
0.998020578935607	0.998225749910779	0.998445780506801	0.998053142599162
0.99748992745489	0.99924659607919	0.998212924623078	0.997933218086873
0.999006153889581	0.998932705212164	0.997686107979019	0.996956174162144
0.999175759619818	0.998315698863093	0.99845323353694	0.997392815017513
0.999317288358165	0.996715819248803	0.998994151553695	0.998196063861134
0.99670431458864	0.998683686393983	0.999024945127274	0.999342878674391
0.999455908872451	0.998517843977399	0.999431565973444	0.9971192755173
0.996695313041925	0.999056310488117	0.997197669053583	0.998019667124541
0.998760321734235	0.998813688745823	0.996732195838029	0.998537559853158
0.998489659407716	0.998339455150125	0.995004480138005	0.997715889690563
0.999197959728013	0.998772091099431	0.997855629485322	0.998947738598695
0.998060497172626	0.997738149799313	0.996841069358353	0.993995159463528
0.99621295368223	0.999370801375951	0.998244422356905	0.997959212391171
0.998252065089749	0.998206305033962	0.997325082022698	0.9983016102854
0.999219258006176	0.996229360955713	0.998356388483219	0.99859636768224
0.998939908010995	0.998431516780521	0.997780389410899	0.996959796018625
0.998783918483922	0.997118898424767	0.997585824755521	0.999024028131765
0.993201915227677	0.997458184799225	0.998804690645474	0.9977718883524
0.997610624708585	0.998348287614173	0.997309174054388	0.993764266448238
0.994419142811713	0.99906841172799	0.997665961826132	0.997508327907601
0.998814390447099	0.998829172590944	0.998698418484846	0.996552194980556
0.995897964342389	0.999115752261572	0.998250350778125	0.998906635949206
0.99578788897903	0.997572395853034	0.997641899320553	0.998396729170253
0.997873529955986	0.998344843590104	0.998763517418018	0.998924860623259
0.995091863234904	0.997846850269417	0.999394939840535	0.996467692373858
0.997234180338966	0.998051066060756	0.999115421174799	0.997111807677508
0.998852958099183	0.997547042713968	0.998043566046452	0.998894580220558
0.999425041268796	0.998770383333847	0.998613078708198	0.998665392557659
0.998273775863252	0.999075728271998	0.99774742962104	0.99447406186602
0.998762317104556	0.998948543660052	0.997282016421901	0.998890980320275
0.998128314006523	0.998089620424274	0.997650133162223	0.999187473707023
0.99944444152588	0.997878062704684	0.999228921536043	0.998970395171956
0.997089868571059	0.997578666779627	0.997366637679775	0.998053683048437
0.99569122561578	0.99765688382777	0.99904394584266	0.998172076170036
0.998956131675185	0.999353226518395	0.999001935659962	0.998983042365147
0.998991405861422	0.997982650291817	0.997795119062329	0.996613398692036
0.999148205400468	0.995791066073777	0.997908340831603	0.997811651538846
0.997151208929636	0.999058954342405	0.998867351618075	0.999620445607237
0.999060835567168	0.999515717008252	0.998779233356961	0.99848333341464
0.996522606909648	0.996804753218606	0.99820148278585	0.99868823892538
0.998609859929386	0.998465946750375	0.999526008432038	0.99901433639149
0.998002532714391	0.997756537059275	0.997792944496616	0.99881649694699
0.997900109247213	0.998426205483306	0.997849167816217	0.997152096527786
0.999062006660037	0.999220574127057	0.998449642011501	0.999104759498339
0.996181114684131	0.999233244124745	0.99917236309549	0.998859152302236
0.997007467593854	0.998485863698275	0.996352837290604	0.999219334561035
0.996969541400038	0.996581990006186	0.998054563916804	0.998755270364853
0.998847445129421	0.997515968301789	0.997529072642478	0.998062361996442
0.995980644028605	0.999410434561975	0.997867425442997	0.998055985248916
0.999657514976689	0.998010133396869	0.998386679728388	0.999086213627739
0.998955398413834	0.995704538602202	0.998549332070976	0.998586566095709
0.996100129549698	0.999053373036685	0.99911287242138	0.995730635617138
0.997430503213628	0.999660054811537	0.996669910010699	0.996871575103256
0.998467959254568	0.998051218171058	0.99720081032574	0.998286914653855
0.99631051617152	0.99881847534511	0.999107628328851	0.998602087540732
0.999432665502515	0.997705624065816	0.998808822143709	0.999066688297486
0.998819704979793	0.999876653431835	0.998485126288038	0.999523333807086
0.998262637482998	0.998788205816839	0.999216152291832	0.998564772021253
0.997854705510371	0.997964391371728	0.997762976112622	0.999249641155847
0.998093807912018	0.999182458860495	0.99848587134054	0.99917220867602
0.997556890037561	0.999047708430811	0.998656650966686	0.998618217105797
0.998835162375978	0.999525676652317	0.998854702826912	0.997476266389393
0.998667250013501	0.998925657739107	0.9975054155785	0.998134605511876
0.99828459564786	0.999197201811151	0.998863029179291	0.999776692780646
0.999082861380044	0.999311008287232	0.996633933769331	0.99960870580959
0.996429224219949	0.998671061460327	0.998755429456857	0.997746359548509
0.996881615871809	0.999176015358912	0.999692002422753	0.998383667709725
0.997798163325267	0.99931276888095	0.997864543178816	0.999182484970992
0.998418111894865	0.998414303623069	0.998251217051847	0.999545304145539
0.998915835251876	0.998816208205996	0.999307286534863	0.9990568099895
0.999286262380768	0.999192083033659	0.997968507214924	0.999146431502937
0.999028828719814	0.997353918127983	0.998951529946853	0.996881105636542
0.993263671943888	0.99847150729877	0.997036162000752	0.998835877966971
0.997978840726362	0.998539347747118	0.998387410117923	0.998888880874896
0.996632662846096	0.99433362677071	0.998810024068327	0.998846840153803
0.998541461132514	0.99849835431623	0.996602182367894	0.998101241199745
0.998470251815829	0.999025008281783	0.998205170086257	0.999450791046207
0.997840232686296	0.999075328626342	0.996588124851745	0.998753695974149
0.999037048625636	0.998705688244983	0.999385765818188	0.999390444983043
0.998315269370928	0.998685647555314	0.999226143684177	0.997679361900859
0.999277494086024	0.997351028121385	0.997835619541099	0.998777244809067
0.99810522035603	0.999183733204328	0.998641201402787	0.996954644969399
0.999107614572517	0.998714243101818	0.998948740360808	0.996901814961921
0.997012237259841	0.998425209083356	0.997914350520557	0.996319543770316
0.996433847197996	0.999264950035484	0.997939069148222	0.9987505427675
0.995990036770371	0.997977363480335	0.998885567530867	0.999261509501966
0.9982843769052	0.999578921170833	0.997916655324782	0.99847810032787
0.997396918567802	0.998492099889166	0.999608459154283	0.996668606081468
0.997573114370734	0.999847005377203	0.998505076838545	0.998820031132449
0.997884465853253	0.999155218834803	0.997641546537069	0.997885385702785
0.997436864739498	0.998440070173595	0.999228013558523	0.999273457873923
