0.997582456099545	0.99390479428443	0.994760298800444	0.994295858202553
0.997442908361932	0.995590678879178	0.997248023885952	0.997308885564831
0.998396871080583	0.998453876250656	0.995101837731865	0.998176482670175
0.996315032001801	0.998586724229622	0.996538753289575	0.998563656075781
0.99723574849611	0.99583211152245	0.994596797874648	0.992714900710112
0.991046116295965	0.996733603519921	0.996093695525827	0.997751267360907
0.996308983204866	0.996645104551123	0.993089136900567	0.994170053389723
0.997892092487048	0.996414708718231	0.994545186674761	0.996806597313745
0.998021087246875	0.994775783365302	0.99638593222325	0.998693669272751
0.996382652849762	0.998493223286631	0.994844811976698	0.998249337158744
0.996532127235978	0.996109102764689	0.994526840900661	0.998727182129249
0.994951968561468	0.998658953352186	0.998276098333522	0.996592159308974
0.996733412441933	0.99794164982283	0.995778451894291	0.99753533830305
0.99844985809934	0.997567022424896	0.997924233658862	0.995339654588347
0.994477201584765	0.994084680442321	0.997893057073449	0.993648623750724
0.994823835352634	0.997174581704259	0.995975414308253	0.996677972244119
0.997779013664331	0.997041155917863	0.998834298897509	0.997902993549961
0.99734839122729	0.99708098848654	0.997743115572994	0.996506346292475
0.993155386786528	0.9965405204093	0.998674971655787	0.99211449060111
0.995899934704495	0.99822411257883	0.992961306851653	0.997318118323025
0.995702636667461	0.996940817914503	0.991174546614578	0.999525572800929
0.998161289841522	0.995627523888529	0.997683315354288	0.997408000938467
0.997306091689203	0.998106038340584	0.996677128397681	0.994800390646615
0.993850014253708	0.991594655337475	0.995427187185776	0.993876512921596
0.996624832601816	0.995187906296021	0.997190888839965	0.997743401478281
0.999294753965819	0.996854271767852	0.996251472240034	0.996046767739379
0.99814881814063	0.99528340127825	0.99684146654023	0.995369715942509
0.998745066967854	0.996341219724768	0.995363986977468	0.998530745101542
0.998108336621213	0.997260450988741	0.998650717947806	0.998055645165537
0.99897000704195	0.997772408127759	0.998322859169158	0.995053262342642
0.995960945749315	0.995801357664086	0.998924438162451	0.99150539970653
0.995823225352135	0.991337432900288	0.996718871856218	0.997693237154237
0.999334792154702	0.998561543936764	0.99606344926254	0.995976627121691
0.989584113090271	0.996544280112984	0.9946296915943	0.9963415561008
0.998617671340843	0.998839263773223	0.997720007404216	0.998930004691767
0.996488439478026	0.9973809528571	0.996530833365617	0.997688769460355
0.997939716469452	0.997484372896677	0.997769377943056	0.996650486201509
0.997775399624058	0.99738706378697	0.997513670599901	0.997164007864588
0.998083617169267	0.997952487257357	0.997740084545342	0.998806466553671
0.996347927749798	0.99773155416928	0.998213294949244	0.997744134768356
0.997440686833202	0.996831644504442	0.995786362454893	0.993404120494624
0.988530802709826	0.996460680795187	0.996023759355888	0.997605642944238
0.997254405053613	0.998274277880153	0.998141016226627	0.996078891005477
0.996913841040547	0.998964609370136	0.996989051837859	0.99453912550059
0.995801826406608	0.994458110290787	0.994740740796275	0.996080296814616
0.995430196835672	0.99708759111614	0.997635074801628	0.992293653581835
0.994908860434408	0.996528280742635	0.997426001775062	0.998320515017688
0.994947084755073	0.998222488967812	0.998236226069714	0.994484964946982
0.99547311489628	0.998396076120237	0.997013053731316	0.998887950277443
0.997322148478255	0.995793941099016	0.998039378033309	0.99788219097812
0.997510413816308	0.997892015065387	0.998777701733916	0.995825294831049
0.998491115558033	0.99805591613327	0.998979375467016	0.995553728379918
0.996834223684628	0.998571354521111	0.99731864000974	0.99706179730606
0.996672099900035	0.995453412361537	0.995807862623505	0.995143935187599
0.998847692479955	0.997469818367387	0.997089687446832	0.997807334347161
0.997892427296085	0.996396927243785	0.998194160149807	0.998490092448625
0.998205676183	0.997539441882786	0.997245498769252	0.996848470135194
0.997279965002112	0.997713347110473	0.99856209440434	0.998887450604767
0.998141801020703	0.997354914887511	0.995646098111576	0.996999927020885
0.996537103764922	0.991355943535781	0.997987385228212	0.997098099378915
0.998477823362291	0.992992789307217	0.996939073275144	0.998164606331938
0.993533148228628	0.998773828068382	0.997753745067565	0.998863034390025
0.989720505127572	0.996265903117719	0.996708938909441	0.997707283686002
0.998060204935483	0.99851691727952	0.997009313064312	0.996140884884761
0.996275122205661	0.998617471725042	0.995750819009009	0.994037428624201
0.996683668056765	0.99789980811407	0.995443426445003	0.995654548238382
0.997736646381673	0.99657993741954	0.994099576223858	0.997265371407819
0.995857979010292	0.99505030667292	0.998655724810359	0.996336683935138
0.998471707776738	0.998709688281456	0.996031335432823	0.996379025203382
0.99852351307776	0.997929382189925	0.997235265266958	0.992723976773948
0.994780954800051	0.995666642732969	0.99702438908472	0.999077523947269
0.996708665920569	0.996756355612225	0.998918155285932	0.997418289520401
0.997870411699994	0.998212789537131	0.996298393453869	0.997335537156074
0.996710274072338	0.998969538579515	0.998667246264007	0.996971622925811
0.997042736542322	0.998490227544374	0.999131579960939	0.995102147125089
0.996288190917123	0.998246014701807	0.998479650028217	0.998020392123017
0.997563806912282	0.998653347110972	0.999159738730153	0.998140590207893
0.997139317748293	0.996099637912913	0.994782600432921	0.998215534562104
0.998518327795784	0.995062482663188	0.99248419750394	0.992735588006626
0.995933898435275	0.998028466955874	0.999234425504594	0.996389243305246
0.995790866259553	0.997921557883427	0.998268715574789	0.995478174430253
0.998433090389835	0.996923819635634	0.997795708896066	0.997876527849754
0.995155384642521	0.989353896538978	0.998412657994161	0.998829600599134
0.99863477407876	0.998477099285597	0.997957527745871	0.996098853184612
0.997677361105277	0.996939076505485	0.997518183936497	0.997948880445207
0.997756961854537	0.998586542118747	0.997558930150237	0.998418152604245
0.996393733287963	0.99828200220857	0.995224574856082	0.99571677758172
0.997612745430763	0.995997121817476	0.993004591068884	0.998123557219551
0.993180982500969	0.994803660424674	0.999027303273333	0.997410038776256
0.997373515905727	0.995448433906934	0.997864914983559	0.998756189041152
0.996220448817191	0.997750083292491	0.997284644573913	0.997979517892543
0.996744297273904	0.995693547567119	0.995913643002388	0.997513785492139
0.995236109813116	0.997673607803461	0.997402623625739	0.99654452963339
0.995193214324505	0.997827642423285	0.998859130860127	0.997009752924221
0.995718221968869	0.997175432730512	0.995492650124541	0.99524992479996
0.997288380588166	0.998031559719562	0.998561796086219	0.9975763060157
0.99585647715303	0.997347829799253	0.997484768916147	0.99668121962253
0.996494546561254	0.995116255700209	0.995440061092921	0.995404761376224
0.998103987208836	0.99721275036633	0.99065359170204	0.997228096396283
0.997844004882898	0.99580242166068	0.995212196850346	0.998125694468566
