0.996097786513274	0.99816725845103	0.998872155873787	0.998291247479373
0.997927389694501	0.998861728990732	0.998877749456313	0.997316310581052
0.998865442320424	0.999317900499605	0.998670309248389	0.998624552051208
0.99771407964916	0.998860084105209	0.995986714927881	0.999051680076115
0.997896950321519	0.996927175247627	0.998537300209321	0.998827118647875
0.99942912510427	0.998429043488228	0.998508989640594	0.99953943028445
0.998549418044046	0.998595999783184	0.999336565308896	0.998504157901248
0.999201927955219	0.999394898220546	0.999310939571277	0.998445629729548
0.999398409403602	0.998367212987957	0.997714796999615	0.998685302781282
0.998286871105019	0.998224479446217	0.998041239946337	0.995720164504924
0.998353117721109	0.999336650460956	0.999080929247048	0.99882331526825
0.998492380431182	0.998543036610101	0.998240320987408	0.99779307418717
0.997733467156992	0.99657744667334	0.995582067487019	0.998365815058853
0.999148415762823	0.998850508854923	0.999126870820669	0.998869060678865
0.99872851130587	0.998767107198339	0.997697371482294	0.999077900735617
0.997970451900688	0.998643977060521	0.999072925472142	0.997877385450372
0.998920188286301	0.998589957480633	0.998554526822585	0.998448159718331
0.999459446629271	0.999087211764862	0.998832410585981	0.997991648860367
0.997888853670081	0.998359973070604	0.9981473165384	0.997933457191619
0.998344201029863	0.997912816062725	0.99925837515712	0.998603949011443
0.999200480243464	0.998701557353977	0.99860984003673	0.997941558684151
0.999113179344536	0.998404661325395	0.998654906011991	0.998072540450598
0.998983730593696	0.999426347097196	0.998560224587266	0.99795037939493
0.998304553932566	0.998809533048223	0.997706809229209	0.998884998659995
0.998493555729249	0.998293456463255	0.998652735177978	0.998459282039174
0.999020054273672	0.999148261257877	0.999342469200648	0.99767209451912
0.997904721554391	0.998630685232732	0.998411178937298	0.998805431160751
0.998738376220158	0.999279791274397	0.998185730204544	0.998814596257415
0.997745176945562	0.999025660749116	0.999581235726708	0.998857130041925
0.998821490680734	0.998876837356224	0.997594935457454	0.999418064859491
0.998675875674996	0.997996240834789	0.998534020624216	0.997939935946372
0.998609861286272	0.997681535944945	0.998365997718195	0.999161107962766
0.997332204252397	0.998119243091317	0.998649389335783	0.998700093678242
0.999082857447113	0.999116522613694	0.998634732995274	0.998613538159872
0.999091583959648	0.998010651243293	0.997844294322199	0.999250623803554
0.998947621300659	0.994427489657041	0.998543876223694	0.99892851402867
0.997734685414034	0.998676648593065	0.998921249413752	0.998260343493866
0.998618486370432	0.997843136154034	0.996675537153886	0.997168979248107
0.998112228888204	0.999250958461522	0.99932189022263	0.997683447254959
0.996279571586963	0.998009461263475	0.998251117342713	0.998405097263085
0.998355833803555	0.999306545983461	0.998561632327707	0.998695521292277
0.998545160738982	0.998798275805923	0.998757297592467	0.999326975791239
0.997627382182281	0.998942064130707	0.998753448432924	0.99680097715946
0.998131161965112	0.995782107710349	0.998024193552909	0.998717389280063
0.998278629179491	0.99946416997084	0.996279277380773	0.998234911643488
0.998531426270268	0.998725342484514	0.999397382073422	0.999416898043021
0.998375293371883	0.999412912264698	0.999338495922893	0.998854826272842
0.998574034229931	0.999022739323447	0.999203580502051	0.999219929355882
0.998819554813551	0.998734327935281	0.999049482349129	0.99884224889124
0.998305877123948	0.998975840949576	0.998579100382208	0.99748287464758
0.998370904878918	0.998446968646051	0.999219219077004	0.999445821568772
0.999385492485839	0.998320320267242	0.998447181972352	0.999176921992271
0.999054771407424	0.999157745535026	0.998384239105214	0.998799491089002
0.999008322077602	0.998464095225357	0.996805235190628	0.999070673618103
0.998457453328155	0.997783216387109	0.999151243194266	0.999433339776808
0.996933375783183	0.999340279690388	0.998937913620467	0.999477663315385
0.999030631352457	0.998920816198113	0.997561009417763	0.998219926119077
0.998465450557875	0.998988506203619	0.999018480741356	0.998931357852736
0.997654853430448	0.998899644433805	0.999055552978527	0.999171810633613
0.999134275361854	0.998521911907657	0.998820120111818	0.998613186280487
0.998813843116392	0.997762405925231	0.998916604078756	0.997470875593183
0.998030462332041	0.998258376204776	0.997558248129415	0.998043607527522
0.998908701938099	0.999398339024777	0.999070222724747	0.99821222496178
0.999073759413197	0.998596674055069	0.999069482979678	0.998776260044263
0.998566966843109	0.998243520453078	0.998600443258601	0.99689165892529
0.997841162282114	0.99702991750531	0.998688422034739	0.999045152282738
0.997881022943909	0.999297865384118	0.996788645656944	0.998675616673786
0.998993919317903	0.997368504761582	0.998736377550419	0.998337352188581
0.998226040058984	0.998595350934098	0.999027327218475	0.998386165837736
0.998704205304138	0.998520387845125	0.999559759658687	0.998164968236846
0.998085265719657	0.998175673535935	0.998841803374625	0.998904967633314
0.998641500977218	0.999157269122921	0.999141483817168	0.99868067601074
0.999148219218609	0.999095913297508	0.998871392719122	0.998614973602895
0.997052462293315	0.999060818140701	0.998858512557815	0.99964940282053
0.998100872635192	0.998824065217694	0.999021130204747	0.998570242555262
0.99834923593783	0.998931034274556	0.998963400804398	0.998849358923107
0.998253030897177	0.998269423819715	0.999415593210157	0.999023457751169
0.998295308915333	0.998617244445587	0.999387639588186	0.998189232274081
0.998797531745687	0.998765585383955	0.997742210350486	0.997892570377481
0.999367279610859	0.998437775242299	0.997995222635296	0.997463487083403
0.998811399873261	0.998494257115734	0.999129407512794	0.998911961178322
0.997128365178685	0.999221565070486	0.998718575239878	0.999155763907224
0.998978009788162	0.997707455876022	0.999353375900165	0.998536007026388
0.998027124145758	0.999339605396797	0.999525616435724	0.998391431982444
0.999427577466706	0.998842827737683	0.998135620453952	0.999363216529651
0.998957882130245	0.999357175553379	0.999247786324608	0.998654096980981
0.999006434296943	0.997579927764045	0.99705459832276	0.998203318479047
0.997357503914412	0.996156543610313	0.998296102582743	0.998908321955252
0.99859538643441	0.998631316162633	0.999062353040281	0.99966179670714
0.998703946580064	0.9982204368437	0.999267490642189	0.998519815111279
0.998470151923183	0.998673966266655	0.997713464421183	0.999074195925414
0.999141420947006	0.996918123276617	0.996511689443542	0.99830558297716
0.998918150875468	0.998521046950564	0.99908280044668	0.999084804882135
0.998176752031359	0.997844717311237	0.997947754236263	0.998652281325033
0.997529124850858	0.99864859975719	0.998942528444915	0.997477263325653
0.998549828460727	0.998760516922147	0.999493714384226	0.998279692195762
0.999595069948728	0.99872695538411	0.998604779304917	0.998792502382473
0.998329423845375	0.999362011184666	0.998412830504712	0.998644086377772
0.997785718789913	0.999375003431593	0.999149728022471	0.999349343308805
0.998871847078671	0.998884862227541	0.999044797890392	0.998050836850327
