0.998048912615207	0.98788064972799	0.996427672164701	0.993641264696638
0.992540308442816	0.997576544761386	0.994242651213814	0.992315040284304
0.995092228495738	0.997189098314178	0.987438323210815	0.976551754567233
0.994633324424038	0.993965335251488	0.996283024692249	0.99759425729864
0.995438221469956	0.994048887656061	0.99777233370188	0.994029614581442
0.998883263589771	0.984871353830985	0.995466441584201	0.996805577299015
0.994165692332358	0.997819822648662	0.994660133860239	0.996272470798358
0.992433455377921	0.997769429680091	0.996628118958757	0.996367030489538
0.997534533542637	0.995057656768497	0.995179551878703	0.995899962816235
0.996987560690681	0.993958789380053	0.991285072637814	0.98968256173698
0.994254928035825	0.997660880155686	0.997624474987913	0.998079125187941
0.994007045280412	0.992136249563048	0.991053303238235	0.998320841336423
0.997585150956717	0.997087324975981	0.995196236244274	0.995492181731438
0.997144788296818	0.997978165169534	0.996981242483375	0.997411179041239
0.995021977852617	0.996097008566659	0.996675685207502	0.997615335579284
0.993055910297373	0.994884561522083	0.998110994838678	0.998114714467619
0.994446875860084	0.990459296630378	0.997107518723304	0.995399687348796
0.995912908190132	0.992957134595845	0.994685698517839	0.988929569123958
0.996249298785773	0.993598227564935	0.997237971824337	0.998267914630204
0.992234686294829	0.993452370890557	0.995429512225937	0.995182339997281
0.998055273559879	0.995917183154944	0.988299047530196	0.996917927213188
0.996338639416586	0.992964092023341	0.997386838429268	0.99776810051291
0.997045137476842	0.986230071088519	0.992582229125728	0.994505583472296
0.995219219039091	0.99343592649332	0.989273864316982	0.997118279249405
0.998083411793488	0.998454942002136	0.992440815412487	0.997171241286779
0.99294548746444	0.98878482103806	0.995452008891317	0.99097292194993
0.995226762497244	0.983325016801052	0.994622815036967	0.995210792815474
0.996839297254591	0.993574951702991	0.994059515511798	0.994168798394554
0.997315900882689	0.998074778332308	0.992724455397877	0.993464270171115
0.994696903596373	0.995075392123237	0.993652457953483	0.997451441620227
0.995351773602094	0.991305154772596	0.992498845070271	0.995784003456909
0.992850854587989	0.998696124626915	0.991586833118873	0.998331943498537
0.995983139868624	0.996129436731066	0.991531054672116	0.99010515252942
0.993107768746854	0.995910315804611	0.996414309221367	0.998523148478241
0.996371513577554	0.9894079385935	0.995795744934615	0.995900452243473
0.995277924831785	0.995801835572404	0.986855160793821	0.996693271315069
0.996427781394882	0.990781731435897	0.997420623472618	0.995446356197213
0.997159555223719	0.996006116218622	0.995663458836349	0.993891211079471
0.987965923987563	0.990095784239094	0.99420828373689	0.99769278960266
0.995276232427504	0.995623093611273	0.993979899434242	0.998516710383046
0.996206956452834	0.996354655561688	0.99481637588468	0.991095348076131
0.990780844774887	0.997209672383935	0.996438326636933	0.994514140513885
0.992996816398817	0.989785192991485	0.996548767111424	0.996524013080315
0.997470584468527	0.998506243040915	0.996270670526832	0.994493520008626
0.991530066314495	0.997741969745326	0.99376217836207	0.998219626084504
0.997788153897332	0.996752969699471	0.998132382273492	0.994216341971541
0.997459720423863	0.994853468454223	0.997734996537585	0.990167828870436
0.996503744818731	0.998618558693829	0.992656694455612	0.988837363474098
0.99387292467514	0.996709642103888	0.997377451400835	0.995538985422999
0.997807422802622	0.994335009229103	0.991894929373358	0.9968882642158
0.997641523058169	0.992320644977838	0.992491344027559	0.99331988833055
0.995301425582724	0.986880935647472	0.992476976547645	0.998343229990566
0.991414598382975	0.996307289344701	0.99338278070113	0.9971274621516
0.993936085090858	0.994893493947943	0.994307831991774	0.998054518668022
0.995216101736982	0.99663415934364	0.991616642611985	0.996135285871389
0.99722644582521	0.995231778396309	0.990829085536317	0.993447733838925
0.995097424463887	0.99593670435717	0.998274418113432	0.991030884266963
0.992645576941458	0.994652641622367	0.991320457424622	0.997900497132362
0.991316953245448	0.99685717830898	0.996730059002258	0.996191537227715
0.997521520077748	0.997899801719822	0.996908382993798	0.995519035324567
0.997029247469488	0.995760451472133	0.990434481768688	0.989091234240983
0.989913577551544	0.99485559015292	0.996102133978753	0.99172190516374
0.995402740895006	0.994876909384413	0.996528781642758	0.993674223936146
0.997829874917155	0.998227978511194	0.99302229931892	0.993485725187506
0.996528929227067	0.993429964907491	0.997757243394872	0.995072768067504
0.98780813039729	0.996448514971318	0.998078329899133	0.985260391351316
0.996348972793596	0.993006870790489	0.99801067256891	0.99528940443402
0.993959250848123	0.992462736149238	0.995673339825965	0.994145807484973
0.994578681295115	0.996159439049858	0.988627099489892	0.995548512760334
0.991856305759095	0.994632953390933	0.985863393779428	0.99875112385334
0.994918196417853	0.995239098252735	0.990882515228321	0.994935773613981
0.99651705553912	0.987981771106154	0.994287441965528	0.995405592296875
0.997330908582098	0.994601011007273	0.997116156566389	0.992574084535148
0.995435177242763	0.993981459334074	0.997857255834156	0.991213167633062
0.996131609602605	0.99726222421243	0.995142791873726	0.993379580013798
0.997757665050463	0.996978425373401	0.997286049045961	0.99187277913193
0.995126501366571	0.995300814827173	0.997249549333227	0.995088473179222
0.995207311102012	0.997343748459447	0.992623088066784	0.992331237648889
0.992658094630311	0.996306510720404	0.99548318613681	0.989064317941172
0.997240461793022	0.997420202201656	0.99457856913794	0.996793733476192
0.994254451510389	0.985564145714004	0.992973189556596	0.995652963934045
0.994002799843771	0.995951016535969	0.995438323119789	0.989839256781023
0.997250422718828	0.998167004995994	0.994447106823673	0.995177926660167
0.99539162761714	0.990693589942696	0.998759688014387	0.993240427751698
0.99649528852258	0.998158514359897	0.995262954075273	0.996582270602631
0.996659963921664	0.995553722781189	0.992668109313219	0.995529725438802
0.9972105277783	0.995622026157052	0.994388024291137	0.997306143104492
0.997254757652397	0.994933873641904	0.989396014498319	0.995213694952051
0.996958159727418	0.994480476419347	0.997927457024217	0.99499063673524
0.991832341501366	0.995196997914716	0.996661997320666	0.996884016129205
0.9974452274803	0.997078733002986	0.990908864186447	0.99103709212303
0.996914055930215	0.996525545599142	0.994006165391374	0.997963217942116
0.996524320009654	0.996581897682381	0.988033626031993	0.993205142189334
0.994959212143876	0.9976609559386	0.99234222232995	0.995343286573681
0.995700525508163	0.994588958956562	0.996279259097438	0.994560476068635
0.996424060981331	0.995546166619959	0.992924106637783	0.99737499639018
0.994562522218962	0.99082817235043	0.995563849474153	0.99714813962826
0.99512747443329	0.998054698989667	0.998075089166264	0.995719435945506
0.996508423834044	0.991338027819164	0.99668607945537	0.988825619029997
0.993274561090213	0.995370551390733	0.995712002663343	0.998084240943823
