0.999784252992452	0.998705366509534	0.99929072744	0.999349416057547
0.999254502371207	0.999028729404318	0.998379695153711	0.998332855243832
0.99941964612681	0.999448050558702	0.998622212898447	0.999125971344658
0.999333878453344	0.999240345903345	0.999623884688181	0.999697685439547
0.99910322122392	0.99963657129008	0.99794853695918	0.999399213338915
0.999774982329885	0.998141203167637	0.99960772971391	0.999092529167401
0.998801620293425	0.998499732823328	0.999615268703644	0.99976084525595
0.998926507375975	0.999150771124067	0.999237175818481	0.999034254252255
0.999358052718876	0.999019587144239	0.999596965657587	0.998257778288417
0.99933585287043	0.998311568518232	0.999739148899938	0.999245943228146
0.999180910494621	0.999478760666611	0.998912175638122	0.998991873205244
0.998284316512644	0.998280149752521	0.998757427438374	0.998748396254407
0.999114193406374	0.999431219443355	0.999706318454142	0.99956669890376
0.999678129267705	0.999420217012301	0.999743027811613	0.999624115820176
0.999812555960731	0.999602707401944	0.999314667805703	0.999463590079027
0.999196097646859	0.998011215426619	0.999438393226051	0.999788137590547
0.99950578841689	0.998535092401169	0.999612106790254	0.998644350090984
0.999288960593525	0.99984387373057	0.998764701547642	0.998939655958889
0.999155760534403	0.998263238378566	0.999657672602008	0.999402748976515
0.999566435900477	0.997966673926559	0.999255690439737	0.997937810639603
0.999002276557646	0.999019445081442	0.999422650115735	0.998840423273632
0.998796258210739	0.998892503693262	0.998474308818123	0.999576069573167
0.99861561388636	0.999251949713188	0.999492062478277	0.998503787072031
0.999437231058182	0.999511106072795	0.999425852065385	0.999490035255811
0.99967341780804	0.999501174038691	0.999741024646506	0.998825445492791
0.998734041615496	0.999092721870139	0.999347448935747	0.999462338480168
0.998923836494017	0.998904089141904	0.998274700224807	0.99875942765847
0.99957162674628	0.997543456743696	0.998724264059866	0.999381377597092
0.998536246856495	0.999370670003936	0.999638370827095	0.999603993199837
0.998847592037751	0.998660592033186	0.999139885992498	0.998456440529537
0.999132865815047	0.998997742639223	0.999480307037739	0.99960310015496
0.99910345110922	0.999554957238958	0.999588077531585	0.998880729317137
0.999175060148228	0.999701981444671	0.999784125127495	0.999443724976515
0.999341175108221	0.999644879749977	0.99968000907574	0.999113719187324
0.999478826276724	0.999255828135926	0.999155373235535	0.999415448088181
0.999575215511527	0.999267312156011	0.99946744948713	0.999680621106229
0.999254102947649	0.999397505692575	0.998961772034765	0.998974345656192
0.999755084603312	0.999293416599665	0.999490327784609	0.99950897662642
0.999631458341926	0.999206919203396	0.999654146057185	0.997859524416471
0.998797291726283	0.999559064104652	0.999521311142329	0.999513226377547
0.998562456510519	0.999360680621705	0.999570711237358	0.998875731007302
0.999204160881255	0.998450053688932	0.999344482262763	0.99935268161009
0.999454913732963	0.999513203657756	0.999156946740308	0.999251130960856
0.999788689681958	0.998991163299381	0.999589687317203	0.998775318168949
0.998841975230051	0.999113032576373	0.998900859704038	0.999315688385752
0.999320865417518	0.999574368917759	0.999284339007897	0.999287641914399
0.999041038604286	0.999516260128571	0.999058923652331	0.999111130736713
0.99902908782017	0.998662645436811	0.998882520887576	0.999552061027609
0.998896754132169	0.999652172325412	0.99815497625599	0.999592060039468
0.999542298429328	0.999440600967932	0.999648136900708	0.999307330493041
0.999131603976968	0.995281765007785	0.996944878239457	0.999045804246217
0.999072148210264	0.999479537355268	0.999263874422075	0.999695120543827
0.999007990452011	0.998936814527622	0.998865284459155	0.999605820688797
0.999347539775503	0.997742052199672	0.99786638372616	0.99911733392741
0.999229687704782	0.999360695752282	0.999433641892612	0.99811924339777
0.999527084385911	0.998709634283817	0.999129115032204	0.999334998415831
0.999570445790193	0.999552065729184	0.99925041953763	0.999056243055419
0.998694290308671	0.998615167514974	0.998318554651298	0.999161359716978
0.998911585083658	0.999481131959079	0.999009771809759	0.999513405371242
0.999522907474365	0.999480713428044	0.998990478065599	0.999587748367162
0.999679304855358	0.999823194033924	0.999632787348834	0.996513421096912
0.999169668445555	0.99957801066508	0.999404079581439	0.999143628310462
0.999328713552848	0.998033769511159	0.999349728576402	0.999399854515425
0.999548683345588	0.999441880302895	0.999679088221988	0.999475991862926
0.998492196642426	0.998895915589294	0.999326018579719	0.999759979815542
0.999385160937113	0.999565467540431	0.999185788171929	0.999025492568902
0.999147977630377	0.998908884878593	0.998349448075452	0.999559375891111
0.999231582270498	0.998659359639457	0.999715362165384	0.998420322036185
0.999255405185783	0.998656522345491	0.999567020194194	0.999701307706738
0.998308577287954	0.99971657711838	0.998196360934727	0.998751054179538
0.999314511192646	0.99788790327882	0.999457749346126	0.999240569097619
0.999466322962039	0.999475862862838	0.999228490010975	0.999338247438588
0.999576980954825	0.999044829070375	0.999621372910956	0.999320854202492
0.999194999556425	0.999590070480737	0.998684826421426	0.998330178343517
0.999413341827698	0.9994728185828	0.999498278784481	0.99907538966109
0.999628336585907	0.998982784901732	0.998607714031759	0.999556185948784
0.999141461070337	0.998171559868668	0.998896173092357	0.999221761007669
0.999052643309938	0.999480989971916	0.998849600882858	0.998800283555789
0.999392814173722	0.998999393358175	0.999088465608182	0.999580349393014
0.99966538175991	0.998931594800812	0.999185973541409	0.997095713507678
0.999313750659174	0.99975030911654	0.998563020697662	0.999423993975493
0.998615962852359	0.999212507776761	0.999336433885846	0.998675439716365
0.999518727257849	0.999086925243031	0.999389926899855	0.999254526877333
0.999114867062473	0.998470990608244	0.99886297116081	0.998945671513213
0.998822441205441	0.999308404227914	0.998423466543821	0.999334299845866
0.998470951001039	0.999725864400151	0.998633272225891	0.999592284637698
0.999247413939643	0.998073223128781	0.999748864781333	0.999754911977835
0.99968443834605	0.999338013980099	0.999391233742281	0.998950431546187
0.999898142674454	0.998755241203513	0.999720180120878	0.999576789990334
0.999608985339405	0.998735296153662	0.998047949882436	0.999121872998402
0.999674328143546	0.9992047230308	0.999644217220699	0.998085960479691
0.99941395938161	0.998248965112083	0.999174387732517	0.999064554570499
0.997528326499002	0.999641724094472	0.999060402785036	0.999713324533071
0.999893889756362	0.999356218535708	0.999366348085003	0.999740968221132
0.999458031463513	0.999551418652833	0.999341327145622	0.999030400688188
0.999519725903437	0.999231627379673	0.99924901635441	0.997757629634855
0.998362764967105	0.999708202665622	0.998505998855661	0.999156822266228
0.999348579263364	0.999371055823348	0.999472904275611	0.999258102203008
0.99917121680256	0.998777409144704	0.999515660558044	0.999099177576863
0.997995068532408	0.999594846082582	0.999642952364481	0.999665049607476
