0.979422004225528	0.97902580311255	0.985595985546647	0.997778359600824
0.978786234276	0.97213262357924	0.992427700542504	0.99426580836474
0.977479940382563	0.985970163110065	0.983090979916807	0.981120122460484
0.9784964858185	0.984314780010741	0.994565034675863	0.972347017795653
0.978472550286281	0.977226455848265	0.969609629240496	0.984282812008149
0.973008851260943	0.978789783593939	0.980322946592307	0.959278412834031
0.988774933142076	0.959663032190585	0.956627404335236	0.987372145650106
0.984782740453967	0.99122262682364	0.990408334169118	0.990716831650992
0.992442127866415	0.996616775784336	0.965307211982042	0.991748106220585
0.994254473769094	0.982179063218995	0.969286310913096	0.988216064990052
0.995145479666662	0.982409737820296	0.977165700258876	0.995212830101248
0.981686100534288	0.989257040835895	0.973692503370724	0.978400508652507
0.989306487958333	0.983593426701785	0.971093844679953	0.975753187674618
0.985864913476223	0.971895330195471	0.980603737519428	0.982281312154214
0.990972948539189	0.97126312010291	0.904688784062849	0.98498972492163
0.989780384709586	0.978494809923948	0.986666559084073	0.986927862000081
0.984598223007577	0.958739416779246	0.993864806649051	0.964587206601049
0.971899305319632	0.98105681019725	0.992048447152419	0.995455897603431
0.992871441291695	0.984092895282848	0.977989706721307	0.987145578296729
0.981001689481924	0.973885620602979	0.995060872162316	0.970087080265873
0.972316577630886	0.988466297652886	0.990366926053158	0.99739015931927
0.968575212989462	0.986720289715101	0.989552899504197	0.988256897333117
0.962986473206461	0.973546693208434	0.988635949871968	0.995607907416466
0.991752467642328	0.97018447565752	0.975952494394914	0.976705130515939
0.965878810640454	0.982490797337793	0.989760921102612	0.97752925876631
0.985306182328601	0.99286882682241	0.963667946283121	0.991508010749617
0.986023684451992	0.986134162579485	0.962542738964118	0.974444293180244
0.98653264364167	0.990116529657183	0.992584274861344	0.960700097823113
0.987324375298396	0.958327978945363	0.966627627848423	0.982806072686952
0.970511760165627	0.974851769390334	0.981691325935239	0.997246242739031
0.992311606921944	0.965930163341585	0.975127366792309	0.98409613887577
0.961921578792579	0.971175821448122	0.990618633133512	0.987852068101504
0.991208655663509	0.990473011375422	0.990914882023632	0.984896162202447
0.990690669269193	0.983339698314524	0.971151567647836	0.991278467456811
0.951111546488801	0.978456818779728	0.976183477448257	0.981240222642657
0.994492753121956	0.977287239982687	0.975806249361493	0.985504693631775
0.971159683981883	0.972754865536787	0.979707506020929	0.946062917648267
0.976210027915597	0.981763616433579	0.992129704549254	0.983599658845179
0.974183488737706	0.97131579915502	0.981067188563254	0.985098522805703
0.981523034663004	0.989250175222259	0.997335243366515	0.988682790908365
0.976064314815069	0.972200215050148	0.973875450094762	0.978106507980682
0.974111313940109	0.979424306034625	0.979262730549785	0.969500708717193
0.973162694593484	0.975733031477247	0.983163769287159	0.983391862482079
0.979447831365003	0.97340086446194	0.984468673640875	0.989980688187637
0.965364594271837	0.971796047636594	0.995747299223173	0.994488658135713
0.991286012641767	0.979537183804339	0.981531954262397	0.965292926931822
0.990352411123497	0.990321025989988	0.984484461287802	0.995231176589292
0.968943624132318	0.967079561644377	0.988899794165074	0.985146385331674
0.992261002936561	0.982864682649585	0.982012552142687	0.974304167666135
0.97618424591328	0.982989946160075	0.982334488198281	0.952659899187113
0.979575620917555	0.979211786856532	0.992188282748062	0.962259119477175
0.970038446985235	0.970957785991981	0.986355338099574	0.970278969166572
0.991515479142563	0.98324473432004	0.985929676736083	0.993944102923763
0.981894928055171	0.989821474410889	0.975256232450901	0.993323948725955
0.972523365176261	0.993709244359103	0.981752058328024	0.985640644948641
0.965201519051637	0.986883051355373	0.969277328398583	0.985843153150908
0.959201828084026	0.969659853748347	0.993885863595126	0.988348699689614
0.992878356702774	0.981227133363023	0.992793371512637	0.980733773280802
0.994619625201049	0.987230752189097	0.956887507203453	0.979892905019596
0.99089154484434	0.965926855047079	0.984904934300771	0.980950570758911
0.982974235813565	0.981712513131106	0.994014827469452	0.976003087182074
0.98552513961231	0.993443841247311	0.991510573595139	0.965893571579556
0.960098655104258	0.985990270311187	0.991836097338946	0.991768864580001
0.965030775692087	0.951214218741074	0.984216392414848	0.978354703227251
0.992646108576066	0.982395229286435	0.994260243189669	0.981825846278395
0.987580680059826	0.989801434235275	0.984210373429829	0.989567841440874
0.984701913703314	0.966108751921121	0.992862053561454	0.982023684495187
0.986026805087842	0.992066057808404	0.989912196811254	0.987969389553212
0.982373878238236	0.992699770109934	0.985998487382283	0.992884101685606
0.994860273298939	0.996604128622281	0.980152491972996	0.983758704608183
0.975162024640397	0.992733003346692	0.961377918647496	0.967309946674964
0.99565389094018	0.983627972506731	0.971979938604894	0.973204294998442
0.987974027290926	0.98254143453041	0.984339494869273	0.981371521959048
0.971945140832862	0.990633198034523	0.988077520699833	0.971692935999877
0.985744236084377	0.987280482982164	0.982590051389896	0.99586586752166
0.977632426318611	0.992218660142356	0.967948186970941	0.98695496564335
0.992687055514204	0.985653281808909	0.983340278562343	0.990924486722072
0.989208499361005	0.982599075865842	0.987094107169253	0.964337114532007
0.988211942074629	0.974073837400533	0.993398175432187	0.975951863080721
0.976519555397523	0.989585416076317	0.987813122104509	0.984547124642354
0.985060612619691	0.985387238345854	0.978486959754409	0.949422368187323
0.994945715148424	0.975641538209451	0.993320148064577	0.994531312718712
0.986288659970275	0.989815935792112	0.965333706837541	0.966710814800403
0.987083734385562	0.965979974425528	0.990109010039299	0.982451490542905
0.957023269850763	0.993714960618589	0.952971137760358	0.984153546917067
0.994392100498448	0.988456428673698	0.987049343732008	0.985190910696568
0.976201398877492	0.989856821486214	0.969121730942154	0.989346359798758
0.995090134772207	0.979848266885599	0.981682866611707	0.99556532952872
0.986693641822026	0.984796032461927	0.984760704092993	0.993152097609028
0.990401331435185	0.989232087058467	0.993652073860993	0.977682623095623
0.966106541530071	0.9428556465243	0.990921030417953	0.969997774284516
0.99145968600408	0.993750651080628	0.990844685123571	0.992038817534885
0.986782343739123	0.976959534218459	0.995170586888478	0.986997945057752
0.989008101536215	0.983992721775954	0.987689787863054	0.975638807463803
0.972991368541815	0.996409023903593	0.993127076842508	0.988234874122631
0.997090510492372	0.978406432283843	0.979526049701446	0.969415899343373
0.959644436963084	0.97443107143261	0.976215043485181	0.974730684015385
0.959016914565252	0.982290833026717	0.931622357874454	0.989107594158732
0.976469542585546	0.983706200302843	0.935923288516144	0.983693075020196
0.982778179710773	0.992416614250926	0.987392761035548	0.988247805196785
