0.996036624463832	0.995579862561222	0.989352046002248	0.994981385722345
0.988204962981414	0.987241612504494	0.997219415970475	0.994322910650803
0.992160106169557	0.990010274970597	0.98330941513069	0.996066577498802
0.997721660342913	0.998019941483045	0.989233221011671	0.990015251188214
0.998353425805784	0.988603717542491	0.970554688049435	0.994124867857529
0.99352700845186	0.993200312339388	0.988585958058673	0.990399678798729
0.99491874941869	0.996519549974405	0.995581113161477	0.991275880482987
0.990668258016144	0.997513474217359	0.991705646455877	0.993338303094349
0.998647396930715	0.991584093335758	0.983702726006573	0.995092480708963
0.997868630756074	0.983756716546203	0.998648953700593	0.980605798729698
0.992248440533796	0.982453445318242	0.988627712741603	0.992186842628177
0.985848039127246	0.992317500433468	0.995329939776762	0.986613354688285
0.974414631618233	0.993698555838454	0.992262033882635	0.996025003798752
0.998504098080001	0.995711415125519	0.988438060676293	0.990890396972115
0.990840532534581	0.992289781215607	0.995205141211074	0.992621655340668
0.973068220701104	0.99794844938646	0.995501931729172	0.996734398714963
0.99500077571783	0.997220374021966	0.990620707665202	0.997572734279787
0.996857495605265	0.992203791505099	0.99692770822351	0.986605469254332
0.996795539193813	0.997834765171966	0.990516010005893	0.994119950182453
0.997750851602769	0.989218902985654	0.993662916351246	0.985696483328068
0.990367672037275	0.993689622693898	0.989368600108647	0.996403644973292
0.992789297677654	0.989053139399368	0.994894945217822	0.992270169888609
0.997456175492736	0.98649178033851	0.993687859862956	0.996727720071267
0.988086603313546	0.995036749543432	0.989877441904603	0.998795753289661
0.992406411164585	0.991888986674162	0.988177117412491	0.99166181879973
0.982243044757424	0.990704703601594	0.99444276052591	0.993757813561748
0.991797660014543	0.998528978755915	0.992123498761567	0.997029769078057
0.997479576457215	0.996183629992031	0.994512217097635	0.990669962958769
0.990361269540302	0.993547149560622	0.993727521583112	0.994740923821952
0.984983768749707	0.984239647441243	0.996353180263095	0.993038554145778
0.994646408574772	0.998081646571697	0.987396023960243	0.989656396483682
0.995895467475367	0.98777337689972	0.994315819448497	0.993209266978363
0.997817863914156	0.994721258983745	0.992575247044356	0.997245574849314
0.99249595335657	0.993753692711407	0.992415003726439	0.996374744187251
0.993068089430392	0.989808423936751	0.997208101382049	0.993189546394312
0.990900442139777	0.993973288957428	0.988371510730218	0.987017839539437
0.992329131923358	0.997297844037471	0.998094530253878	0.998620678582192
0.987613191700838	0.990878679267262	0.982143900217354	0.992359263915274
0.989179199445221	0.98990811205343	0.997968435998046	0.988905216056865
0.995348055077504	0.977300139879149	0.991500993028008	0.985340318107396
0.99102399417387	0.989773745164835	0.990707377387998	0.995577892888051
0.981797233317891	0.993615186165772	0.99714460567165	0.994485795576453
0.997897488524657	0.992166779378092	0.996733610427243	0.998085300877216
0.997970121830782	0.99747648285996	0.997090198371197	0.997101786205903
0.993862802481965	0.99454206896892	0.997187091086655	0.992628828825961
0.988489211260717	0.997689312603627	0.99127723095047	0.996607234401228
0.992509109530397	0.984299011358049	0.995227970320208	0.989200870838374
0.994095840244492	0.994191863157129	0.98802679610459	0.996546115176407
0.990171549997394	0.988930904509232	0.992917647743939	0.993058515820186
0.996419138968223	0.992863543665076	0.989039269323894	0.996210868892536
0.994733385368823	0.975764008704255	0.99474306805192	0.984993286081159
0.990322141768781	0.991675751240371	0.989357560024293	0.985451913238615
0.990817806682137	0.99181097153553	0.998350548334678	0.994784243982595
0.99546478278653	0.991596074525486	0.991134969248941	0.997061791045676
0.992719204558062	0.993179703801003	0.998561695971251	0.990726120050227
0.992315269224965	0.986368254902296	0.98911724654111	0.998741409313612
0.997826241357027	0.993890553420306	0.999018880458455	0.989697808231738
0.992570093095503	0.989454966751496	0.986792284569877	0.991229154291954
0.988998800205377	0.984520537100046	0.995981876329975	0.993994879903544
0.993754633151742	0.994022845460034	0.996821359063971	0.9932896374812
0.996033925773495	0.987410898477869	0.994891512333081	0.994196499812233
0.996377912008107	0.993358872357774	0.99407505709684	0.997115606192288
0.997824116258424	0.981167210136379	0.988750427343393	0.985083530945025
0.996006401368418	0.997754294839596	0.996114247026948	0.995618276010728
0.991629028258647	0.988962265788625	0.992920452858817	0.987296398546341
0.992968487233302	0.994198771774513	0.988690414723081	0.99519165185349
0.986820706479927	0.99180820110317	0.994193661096077	0.995517009769486
0.995381500336884	0.992847722010898	0.982026149170178	0.996251609365361
0.994744956818038	0.997332823154573	0.990133504856124	0.990963562884167
0.989061216543948	0.994008222376556	0.989690518747977	0.997321361007639
0.995581756214676	0.994854584957702	0.997753576728907	0.994306927475639
0.996479615641663	0.988846113642775	0.988474186502253	0.997432283058368
0.992905952895158	0.995811347718829	0.995419796646963	0.994609280464112
0.980844275544029	0.986349368763831	0.987345918912457	0.98365701644872
0.986399705191602	0.988008120523435	0.993922352555072	0.982384902706114
0.993935999330907	0.975680167756591	0.995951399822244	0.993116654315924
0.99463585014754	0.991102272675854	0.995027507100311	0.995378015513715
0.99044579724688	0.987731003305186	0.988569302753243	0.987550278035142
0.984632332650887	0.992479011243275	0.994750697464326	0.997150879305112
0.996457439969183	0.997306941251853	0.985821858291768	0.987178377611151
0.980043468210273	0.994696596529184	0.994494039908592	0.983944061872216
0.99594120688199	0.998130567506423	0.991270381221561	0.990277389721068
0.993261118910562	0.992165598313543	0.985138747883429	0.995581158266181
0.992716213220761	0.995816307408418	0.992741587487431	0.993171490815449
0.988243652793477	0.992332644840861	0.99683594803537	0.987534355603609
0.984432822139997	0.991899944108143	0.998092500958638	0.995910480035898
0.998673167995366	0.987762199085157	0.989252514749093	0.99605923153901
0.994720744089065	0.99732862083988	0.994671623502685	0.993750427942027
0.991034247078273	0.996255017003872	0.982125136411937	0.982052620078499
0.99092520853983	0.987000954283106	0.990785917290766	0.992882160809289
0.990159818268904	0.986783482042368	0.993849914863256	0.985219647129629
0.993264984845952	0.996019860874794	0.997376443869273	0.990172281170006
0.994904012937281	0.993701325084072	0.995902076893286	0.989635900565394
0.995411316629971	0.989988647961466	0.996457671717098	0.994598820964177
0.987008938217514	0.995187080437066	0.994330514898709	0.99739705436106
0.990083127413825	0.988435871713871	0.996956200925403	0.990305827357282
0.993707582498781	0.997258466309098	0.992704096087267	0.993126528020535
0.997056812527785	0.994538994680853	0.990652083719099	0.986766001341248
0.987429189852999	0.992507830274068	0.989073544477022	0.995223705593853
0.992597385455134	0.992744462676009	0.993030056555507	0.997082006688106
