0.998438829811197	0.998986142413421	0.998144973873283	0.99919362923665
0.999414006514175	0.998768554191951	0.99952066341722	0.998496562946001
0.999407620971981	0.998508599045794	0.998567645037031	0.99966247119409
0.999744568859269	0.99877289597175	0.999562991554084	0.998970903163931
0.998866159876566	0.999254015879746	0.999453151262536	0.999255899719286
0.998888918691527	0.99895986126763	0.999115105878462	0.999082724657536
0.99946193885791	0.996362758091125	0.999416967930344	0.998588813461853
0.999577092367787	0.99929025557455	0.999140770477374	0.999649249028953
0.998317081660613	0.998901933825234	0.998848656955758	0.999714275775042
0.999415387958912	0.999233489940738	0.998419899501412	0.998927650334557
0.999522354703185	0.999420747302625	0.999792228203572	0.999699679232875
0.998860096152787	0.999436104956164	0.99961613233465	0.999032635795277
0.99958036269354	0.997668674429649	0.998904639792078	0.998770734008051
0.999016390242683	0.998270057688009	0.999513319428418	0.999532315937853
0.999485274647495	0.999227455511547	0.999480531214572	0.998474559282239
0.998303807124984	0.999044838566478	0.999452910342084	0.999090415475845
0.999470446295147	0.99936875018439	0.999551828824442	0.999669906407259
0.999701664150798	0.999169684009084	0.997730019949722	0.999351058494447
0.99973496522057	0.999543523431916	0.999211160925921	0.999473474541553
0.999632377849122	0.999758107758809	0.998180821765056	0.999361860727317
0.99949749227248	0.999823594861187	0.999352127366262	0.99947824469832
0.998932665887205	0.999325725158138	0.99963394967349	0.999333639629668
0.999066897924498	0.998751420712166	0.999781208157337	0.999557416095004
0.999038227678094	0.999550108174115	0.999506429713545	0.999595468809032
0.998471741314299	0.997705430743709	0.997603269951869	0.999636018503838
0.999303765605304	0.999197905550092	0.998671255008334	0.999742865710217
0.999109288051537	0.999227328704716	0.999387896840129	0.998821645155052
0.999208425637083	0.998321673764453	0.99786394137505	0.999467385714742
0.999031526250293	0.998877971964132	0.999050180452878	0.998177896318324
0.99925570800727	0.999525073393876	0.99926407502057	0.998098475894417
0.999622450896725	0.999429148176392	0.99867792829797	0.998603545395756
0.999060810214655	0.998804587231154	0.99903159492554	0.998780952596466
0.999576934775036	0.999124012508486	0.998790590407507	0.998784333515563
0.999110391261968	0.999288512488344	0.999559102016682	0.999540984350747
0.999453715937771	0.999764890160177	0.999398393455168	0.999331850614457
0.998929390130014	0.999253618573667	0.998198234527607	0.999175549731659
0.99913813794751	0.998300044422621	0.999090681261995	0.999065401507608
0.999013623278945	0.999013827225026	0.998874814935048	0.998261011896454
0.999497640095014	0.998614122610795	0.99856400207594	0.999255067532492
0.999772839745437	0.999378364936662	0.999628465017353	0.999035616298769
0.998999121296467	0.999278747153863	0.998824022617079	0.999017429639093
0.998921803272011	0.998266779500149	0.999670684895744	0.998617315589537
0.999282486946322	0.999465914291747	0.999208981528179	0.998945790639114
0.999421488897604	0.999634624361835	0.99923663086549	0.99923811211869
0.999521021110384	0.998853939838447	0.998381772422697	0.999089740336376
0.999044606752805	0.999205369709035	0.999305371987101	0.999583731821335
0.999384120832378	0.998928954166107	0.999442121769893	0.999728843401414
0.9994187676957	0.999562796622968	0.999134465416344	0.998511323683535
0.998709324366746	0.999392022977173	0.99863042391432	0.999596604321433
0.999556233646031	0.998210196993466	0.998608803730612	0.999239662402636
0.999361439079152	0.999340722792328	0.999335560856739	0.997712511050949
0.9979134523021	0.99947182306793	0.998785257784562	0.99950939474888
0.999388831549823	0.998908717064718	0.998992084444735	0.999623984367308
0.998954538836837	0.998684486338535	0.999519522877935	0.998930304647438
0.999248906020627	0.999504891014958	0.999374972522001	0.999343345155981
0.999442736650588	0.998662019736634	0.998905172085185	0.999516583255284
0.999709180909573	0.999056306036436	0.999042105727687	0.999005485616265
0.999312621217409	0.999466973427431	0.999563676835363	0.998522994086519
0.999523898942222	0.99965491864677	0.999745421863803	0.99905543210995
0.998946397336345	0.999524523294383	0.999019272754141	0.997941274152724
0.999155548740701	0.999744421029019	0.999329621595237	0.999656243561341
0.999535116010005	0.999011308141756	0.999181368289775	0.999528017998078
0.997563693038068	0.998888054615397	0.999394547226301	0.999270451900646
0.999414056386057	0.999401951973741	0.998787817330508	0.999018876962755
0.999450417687976	0.998280934884389	0.999346560011224	0.999722123153079
0.999592285092615	0.999787163936629	0.999169339133908	0.999567028852647
0.999676373897699	0.99965601684245	0.999541983346465	0.99918903832067
0.999622471561298	0.9993604626539	0.998473881302018	0.999662345028518
0.999276078694611	0.999377488916606	0.99852397738484	0.999601450098729
0.999449931785595	0.99922240197134	0.999547629855258	0.999552054756639
0.999277025067512	0.999329761917437	0.999003624533126	0.999309133390082
0.99911078970047	0.999010476770737	0.998840372024096	0.999379794064519
0.998836897392334	0.999543045125263	0.998850193229083	0.999000325482256
0.998831151211089	0.999578494749433	0.99837160096117	0.998900478224863
0.999392696263296	0.998064545689101	0.99825608798399	0.998022924433261
0.998817572815609	0.999182229605604	0.999166906240554	0.999206946902352
0.999667737397153	0.999125002604569	0.99961642416277	0.999380518841477
0.999198110170029	0.999457839773053	0.999644650579422	0.999130431733252
0.998966898352089	0.999742619088524	0.999332923905172	0.999527836942556
0.999430499080317	0.999038834931269	0.996956154527871	0.999303050851402
0.999500294219867	0.999198821165123	0.99955657563762	0.999229501836303
0.998311083962613	0.999478078503127	0.999170677287935	0.999334188034037
0.999235018042363	0.999287793109846	0.9979116131993	0.999820969141038
0.998209398353415	0.999531168973261	0.998927454910917	0.999430197336668
0.999119890090834	0.999390069397978	0.998770370767001	0.999586976844249
0.99856462505172	0.998737511183927	0.999173958070224	0.99895291755053
0.999386796508975	0.999326511195126	0.999252097877525	0.999681841522539
0.999247303829694	0.999235887119213	0.999874716933583	0.99889829608145
0.99895760706873	0.999465847464485	0.998212250282507	0.9992107323214
0.99885839179998	0.999405023911806	0.998663253367219	0.999318551719206
0.999113966407755	0.999228750190904	0.999032820418502	0.999554484320064
0.998973055184992	0.999345109555078	0.999688449734469	0.998807096882213
0.999610890080782	0.998987569709411	0.998921570728492	0.999303356285065
0.998878307824282	0.99845994032543	0.999156876228296	0.999854861425894
0.998063716212439	0.998403113000698	0.999054684789241	0.999066348357711
0.999681450031917	0.998859626472029	0.998201242287553	0.999352696530467
0.999288067165482	0.999128384257755	0.999424721541733	0.999731002295727
0.99892554966161	0.999535893202565	0.9994014908171	0.999517811033837
0.999656571149872	0.999164042687173	0.998472062774302	0.99979562636017
0.999191477328885	0.998867515574947	0.999191037995937	0.998346763477479
