0.455779838978715	0.644393226834209	0.817923463117158	0.782922049576568
0.928343010025763	0.858844188888269	0.907088105158264	0.983939248893007
0.837561779682511	0.572492533823857	0.753902072936092	0.909910328300558
0.684102499322263	0.568023049924496	0.877357223897729	0.468738222213596
0.9077096054423	0.930638532201423	0.904501044384693	0.975371234880422
0.793877434949512	0.897417152444336	0.902156164616496	0.96401661599167
0.916685468359781	0.921949666564255	0.87045011164519	0.790649313935127
0.873698835683221	0.869435327846212	0.975804008708215	0.913063362796751
0.921174541987723	0.731703191247784	0.810463298805935	0.895755633408773
0.853182567011575	0.936485968179158	0.90917589684731	0.887579743152619
0.958708414166414	0.837534891978824	0.886874782857112	0.925626869924274
0.907307644728468	0.900375423974254	0.914991937121738	0.875302037605697
0.80320908112323	0.944398412327273	0.943925326209909	0.744469168097105
0.805787508852194	0.858589503874118	0.787927566215717	0.863251410942309
0.940250693043455	0.943074100713716	0.823933798109533	0.80383815942708
0.922118192139206	0.952673132608519	0.957423218184005	0.907403170335004
0.921884359155474	0.966549580742172	0.960795135217835	0.904128960993376
0.96400482065643	0.857981349902689	0.838470890591951	0.83855525939489
0.97574314090562	0.938791576272561	0.865516917242381	0.892231704574368
0.9772515161787	0.964364666379436	0.941254230561548	0.932429096371964
0.923137533345097	0.876425384675444	0.915382812342201	0.946470874112733
0.872691364595289	0.809086748120713	0.834446923819041	0.940187434983701
0.949420358811451	0.946602567217272	0.943964263237647	0.892422583632789
0.614491094842863	0.905460100588479	0.931142245765395	0.855462021879063
0.939027840784408	0.775207353112178	0.920893270407766	0.925015020849505
0.935103142248693	0.920578696821778	0.947124808580933	0.89398138773253
0.770127677226829	0.907423272383073	0.889039070722736	0.938887165226101
0.911395456351706	0.831426582758936	0.622935704786354	0.860209581282955
0.829289257917193	0.603837911857332	0.654272588716345	0.832847882941428
0.746159577116459	0.946372480469709	0.686970765443679	0.895281763807292
0.922359828669498	0.904340945163339	0.975908389573023	0.929007693968861
0.850384913065267	0.800908745195393	0.963312856514951	0.915887000728538
0.669999898216842	0.307627328222594	0.921130357776765	0.712012079073106
0.915752546122215	0.875943185699543	0.945612781038119	0.881562234306849
0.802960053018105	0.922685819836249	0.765351452871404	0.84283895081234
0.936910963914967	0.795277994498063	0.912316520059509	0.939849839133163
0.86852014351615	0.937475265594876	0.925784600959791	0.892771170527178
0.965844770134611	0.817833042880069	0.811038555765907	0.775712739719403
0.80350676641124	0.918997895199826	0.901689877100441	0.708472575944585
0.957981514965629	0.916420100719864	0.957457270086734	0.936261755337389
0.928836223800071	0.922569115918169	0.855305198766075	0.897774776245931
0.942208226348504	0.950068330121919	0.814863465657301	0.929833488843194
0.911137345440189	0.951209026861848	0.9201095848928	0.948442429410413
0.770162741587792	0.844632598707025	0.934659433547083	0.317689919272323
0.884189032559172	0.654672617086911	0.930378973981018	0.808387938979977
0.665617806523264	0.951599446533957	0.622964109565035	0.789864457448679
0.744333036724279	0.870772360505899	0.854116661410244	0.884116691362747
0.948847017289399	0.744850809831337	0.903208562896287	0.879329302900838
0.891341685525587	0.897702514822276	0.89742225869243	0.795480709544121
0.854126956903421	0.641012874247792	0.971776379823775	0.759617379563066
0.787530828110718	0.92571883028425	0.774027590717437	0.947974088437569
0.781503828791691	0.920982961560403	0.901677910444149	0.937760489603832
0.897941583277843	0.909761705480017	0.677953467858718	0.9078917748187
0.861705221500787	0.842967748444134	0.949756571598148	0.806044794688011
0.919589467529018	0.980525918092099	0.898049743448836	0.905860619221931
0.57379054629911	0.743588245866784	0.891301828065683	0.952094964156981
0.900314072660665	0.92086388581656	0.767424651921667	0.764606472837079
0.937770876303301	0.873973862276102	0.947471006727361	0.812989719427982
0.954228652630994	0.975914861876648	0.941511027790933	0.941845994224269
0.906722550256648	0.91423815010998	0.836805250253454	0.948980789543355
0.93715723115066	0.644460548079925	0.944548366362177	0.928613736659679
0.541281006393312	0.907927174505161	0.839791194610097	0.874162910196208
0.856689604998982	0.569560957209237	0.559411643127447	0.779012503435956
0.941268751737089	0.608265027924519	0.630024928514493	0.924990263543767
0.935360242722712	0.966017395725145	0.949484837408143	0.878167823148561
0.863713714208159	0.885115974022212	0.926277928588301	0.854510024730601
0.953362690903607	0.864929328961591	0.848389606641641	0.934401094180698
0.738104226614055	0.803319826709775	0.88948295444188	0.948166429723706
0.829524661945714	0.726837642206817	0.96062047106117	0.958862602392847
0.907522406237986	0.894031869448526	0.789524500331669	0.90664810857315
0.705303198609681	0.884196390640824	0.577188142093862	0.936536856689518
0.904199824605506	0.793534625408554	0.888268361667646	0.973404558442601
0.883222475652542	0.844844777767021	0.935112301888629	0.948468032619329
0.859675565168076	0.674738064422254	0.856002637017723	0.936007903084376
0.920323923154343	0.707389694340775	0.889414056450959	0.946727861734347
0.886140877461493	0.780195938887508	0.768774706276176	0.939319003868607
0.844201779638587	0.946213228161404	0.934051556967226	0.857379680589936
0.91306930251098	0.926314872565431	0.959858464032051	0.947792504909084
0.929269441927997	0.904473195697219	0.812463663486496	0.949219690388148
0.762201520730575	0.95040526734383	0.754082832316062	0.927171496693235
0.94192434993044	0.864274495884646	0.988066287273468	0.965840348366903
0.946547342419898	0.960033259339414	0.939166389632712	0.971140982332483
0.853172123906894	0.863586354951269	0.900205652323755	0.936720140066633
0.940402636877659	0.869070515935674	0.817338831367363	0.875462463578313
0.869440267496264	0.878253706378952	0.571726419635328	0.717212905374279
0.61545208515762	0.784219887495872	0.81959805156292	0.489674915165829
0.925243741438717	0.952246304955055	0.863832601928156	0.889588180011589
0.896407436571251	0.916889118132888	0.920578573032997	0.854505695177034
0.914455708391035	0.936187765145346	0.961767228062199	0.827515938325504
0.974211461316601	0.890494517921574	0.930756218823673	0.922465663576476
0.878216256301449	0.880945310797777	0.872453445092834	0.904129501362502
0.858313677883941	0.93649991104573	0.95923332955949	0.902863509179821
0.946883265089005	0.950506996394028	0.905843217550348	0.875683121624733
0.903274209250011	0.952257600960545	0.871992966229954	0.914946265268833
0.625651059729663	0.792496406617342	0.74406808890043	0.852104887048766
0.915628679958261	0.451062492149378	0.829820596139979	0.681878045665596
0.764611695850574	0.644358490092523	0.537882417825121	0.828542538147771
0.934745779521556	0.915505355862815	0.835779360526122	0.948158330563179
0.979543108211749	0.952281162683809	0.952836761550241	0.927800576603435
0.925101541498235	0.917869042125154	0.960128210884371	0.979192204492299
