0.966013468466654	0.98254218302638	0.934534563704878	0.906871759611561
0.951056650815019	0.987743530834215	0.967647595759114	0.971735770149379
0.975315977327136	0.939755489856663	0.980113838529243	0.98708478082557
0.985364123178726	0.958214666232645	0.965308586247644	0.96457430546102
0.972090832497626	0.982623148615052	0.969402925366188	0.879963296214896
0.873841026061094	0.96801633032578	0.992414835725125	0.976779045558375
0.949119838200288	0.939777100815347	0.983328381827372	0.978352427780946
0.979136506770776	0.983179499778827	0.97362716110104	0.950951824001457
0.986279314757017	0.96994840286955	0.973461982538387	0.975503688724858
0.980802264345654	0.975836169156912	0.97418566630038	0.945793460865151
0.954737199590774	0.954101237041089	0.985204646748351	0.963919062843827
0.880727213050901	0.969683511650124	0.971671748530708	0.979903836671106
0.79566466113737	0.990573132008991	0.985948331449693	0.947035174943979
0.986396066248148	0.984777380801074	0.995169179681001	0.973488993336421
0.966527827026746	0.967739241110411	0.978719975473207	0.981044660318836
0.924445215227389	0.694514187658282	0.964269839298791	0.944906056425636
0.900273859082945	0.944967594487286	0.97128205597369	0.991513467200808
0.984832507584727	0.667856044858706	0.982507667149648	0.966753217845829
0.972797860396698	0.951972003197148	0.97388049253535	0.988696229690758
0.903862943567488	0.987126811991491	0.989336153476829	0.989339639849071
0.981453409158055	0.983580070552462	0.990917296337578	0.986696927280044
0.978468868893665	0.988678727575385	0.952327570181502	0.955866502330134
0.953887878262563	0.984528590116168	0.988396629283056	0.964397372650129
0.957754915457407	0.979400100229777	0.985689216437578	0.97719718389716
0.982015793290247	0.992861675357809	0.952711950449818	0.991502565803247
0.919361049118888	0.980673098057609	0.99177394129922	0.954226105945265
0.978366404990152	0.932799791835276	0.978414806940036	0.984688977659997
0.98918630910157	0.994301865570183	0.986667753800522	0.975929184227582
0.96447876418132	0.982129054748644	0.979887051126667	0.970075726512305
0.981830196218288	0.984351192299934	0.972618469312	0.976867562730726
0.952452317110501	0.98719714049127	0.967451599613421	0.971138654769456
0.978656011581538	0.978543065456893	0.972614003339236	0.971642700952398
0.939929627082537	0.878508577031968	0.937035190103131	0.988857022809901
0.974401886708882	0.985948025665176	0.732279766643352	0.971008638338769
0.987342262407653	0.978215302245801	0.99440497936579	0.964897065041337
0.989786862910157	0.972220830751065	0.979590121176832	0.979805002476486
0.98884189356235	0.934062845210119	0.990893933732411	0.969349444565903
0.993604832231885	0.951553625552024	0.980055209270031	0.954114755374538
0.990678489339606	0.954132296240707	0.978622426145698	0.986562936467986
0.985799617437676	0.987550482024245	0.969760920114242	0.968742781052688
0.952607870554868	0.982279899251949	0.967488043668961	0.936677346396023
0.976871529250665	0.991794719232692	0.96724225026993	0.968532590220479
0.868144873501264	0.98639166704519	0.956126547035045	0.974008558040329
0.982377137260742	0.95812567313241	0.984410815960599	0.986858056613737
0.985385686402873	0.960591267098071	0.987706138745068	0.990698346264857
0.971493096770038	0.940911969154212	0.989876948875829	0.989827183217789
0.991292818103573	0.962031097837168	0.975895994593805	0.975342791508933
0.976413930282741	0.950262257504407	0.966338730572887	0.98596291347655
0.97552702486292	0.956014045834895	0.94699377094799	0.98893559408125
0.983245976897641	0.974566268671081	0.979982278470897	0.98268814868583
0.982556564789114	0.988456031776865	0.984832154102918	0.917904172163563
0.984276039643343	0.967100516285516	0.960086874463911	0.975748379609943
0.961081386745589	0.981652928949179	0.983402809347082	0.965025103170894
0.972732403081654	0.99525901007718	0.946097590478416	0.899141140965017
0.927027803406151	0.987533629266938	0.986232077595383	0.974228398695552
0.953030531852541	0.981466786749224	0.985663636374951	0.990644795327641
0.974047283231279	0.980818093237149	0.981208115136755	0.979363402981085
0.972604196601546	0.985603109776295	0.934928959174586	0.911862350684723
0.974542773358367	0.977007593408172	0.974202484835654	0.982247759827991
0.991883668930603	0.960773294070077	0.98681243380089	0.972174636343385
0.965369079780255	0.970389989819712	0.975051109855485	0.986442330171204
0.989847437105446	0.925537219048059	0.988690350562795	0.952374318286454
0.971465020211144	0.973630819661467	0.984450407305853	0.977089370330066
0.99279465052333	0.993584187895593	0.963742364264332	0.975163394641726
0.971476420672843	0.932428215626234	0.9274005113959	0.981433918412453
0.948657676236808	0.9874538888579	0.952659037811224	0.921145314552237
0.975995621419335	0.984349790619976	0.969726373968931	0.967807848041958
0.972781059463466	0.962280452461466	0.959334402567086	0.975702412652873
0.941198769956187	0.960173887857748	0.909465947356574	0.972058600574015
0.971171692650872	0.978267402003761	0.963395468585882	0.991786076215042
0.928295284756245	0.986208625487031	0.936157180462661	0.982122208808328
0.969198538827073	0.979215290663139	0.981626457487158	0.973813349833961
0.968706603993603	0.96195353436186	0.991686365999108	0.955719811281146
0.938773061202182	0.986041834276173	0.975256876744954	0.963575045283583
0.988323039999537	0.952492899828781	0.984247756813356	0.972929647850474
0.983804760774014	0.991896323342125	0.970623609902519	0.937581500353102
0.993064504876634	0.881122122151127	0.980571021805539	0.984211644831376
0.968667665635485	0.971699939961074	0.977964105817692	0.964452235269949
0.977562234161289	0.987242208218854	0.983933488047509	0.948151104410981
0.982866300085559	0.990126227848841	0.946404593822185	0.936827408571195
0.982558529017411	0.985835377752757	0.978511398334649	0.968982996439358
0.880329759249246	0.986699660359693	0.98497537647302	0.935578530771102
0.981833628800111	0.959244357613224	0.96172390105493	0.928396148151835
0.98666204690511	0.969872330007261	0.966220511727728	0.988359639804155
0.981122414309934	0.896864720049982	0.987020192255284	0.99308977212226
0.926419722492484	0.984861514127764	0.959381926927418	0.988402021433566
0.969877594893386	0.985385484966182	0.991663192462273	0.942934940971808
0.966127353172416	0.967004708265307	0.970841202307269	0.968899293802913
0.980804995975254	0.967665923041701	0.985924017785947	0.988807699988171
0.960530085164784	0.981026509937572	0.970748441271766	0.989181673527717
0.956360747731745	0.946403392807014	0.565961380650955	0.960628146111333
0.964591764237414	0.940329408659432	0.931896647242436	0.990687742302474
0.991528529396855	0.975623679958118	0.970480658133544	0.98033383835043
0.912503426906528	0.975602200325917	0.965626029036579	0.978296211320313
0.986427731052666	0.977474811607544	0.876519478788275	0.981084509494452
0.937453190689785	0.971935399181069	0.963860137933438	0.994498811508257
0.993282406048878	0.975217109864289	0.956354732358048	0.971853703095099
0.978227629954759	0.987608301079551	0.983446059972164	0.896514490716103
0.975828299809112	0.981017013839776	0.980624721807313	0.962735243082913
0.973106014592135	0.902099610090913	0.966282022121516	0.984015165050703
