0.994437073355678	0.99432682592596	0.996631982078642	0.995798515596697
0.991980560344932	0.993539785529616	0.992634467446304	0.991151209758617
0.991181297262704	0.990780197298773	0.996817014762147	0.996754769595309
0.995908961918608	0.991601413603632	0.989611851472035	0.995331155074811
0.99632255432274	0.993331007714377	0.992174297086578	0.989383573036867
0.996551020510617	0.990225459997747	0.991224061691056	0.995559046172942
0.995952798658632	0.99769493747875	0.990658668210282	0.997484470839848
0.984885148164897	0.9921010393608	0.993944957025233	0.991311254163224
0.988845604800689	0.990729622110258	0.992486008100013	0.995450773052188
0.988499857001993	0.995632987157196	0.996024520654892	0.992002989858002
0.994445122404433	0.994190551486876	0.994925215585142	0.987934242304465
0.996404840086217	0.993259862184148	0.99392713528433	0.991359424476599
0.996219047700221	0.994356801032091	0.994902747110969	0.990455031441815
0.989094378728518	0.995604313111967	0.990750999426393	0.991472626005181
0.986031086965183	0.99177206236218	0.996226779424079	0.98980236454904
0.984602054522331	0.990887338632676	0.987244167141402	0.985000225051149
0.99448773687074	0.996616737837791	0.987525974119149	0.995793750905972
0.986931820769682	0.994818123497146	0.986632429559433	0.99004298293802
0.989374024851127	0.99072144808008	0.984320315647277	0.993328228252848
0.988380847499545	0.99352017121203	0.992182914213691	0.990267685389349
0.991159483109384	0.989662737398069	0.995834840405379	0.988723628594659
0.989666070326426	0.991533201897186	0.992229092509882	0.990073299956123
0.983540606120009	0.989985110839115	0.994583459468931	0.994985713249899
0.995054508219288	0.995811942034841	0.993141862219724	0.99553112649995
0.997038389819589	0.993290494209419	0.988118827373067	0.993630034974715
0.993824257316456	0.986290402597725	0.995487158753201	0.993850751085793
0.980225016754845	0.996245432891389	0.984387264758791	0.995448530955838
0.99095464144284	0.982641474632249	0.972249398937459	0.993711277291224
0.995500248419594	0.993453492063949	0.995165445333921	0.991631596298406
0.980547176053455	0.986697920646033	0.985595662893561	0.994294597851972
0.987316555835939	0.994297441409163	0.992029299866481	0.971378495563625
0.993237281566646	0.994290140228935	0.994026788192784	0.987364793330252
0.991163129371672	0.99088022105978	0.990525148042512	0.989732299494039
0.995668164557088	0.992873312997914	0.990531685834351	0.990129285727032
0.985715796954265	0.99096983570624	0.996199734110652	0.990753199011273
0.995293541814047	0.995483259972841	0.995970259004774	0.987221048674161
0.991009044669034	0.996275953416726	0.990426581997049	0.993546458281616
0.99013227873817	0.980883904969399	0.981919992371133	0.995967904882897
0.995381339061788	0.998116661668975	0.992500463313713	0.996127713250027
0.991515839046854	0.994851142930276	0.996365022661948	0.986991776551081
0.993231186439424	0.995931820574305	0.991250872236307	0.994193774294617
0.99197638395181	0.985892704339121	0.990317077923538	0.987288974815378
0.988563743700601	0.994735182283038	0.994837619263146	0.99217313459517
0.985041306861485	0.992678874883497	0.994274534319914	0.990438075030203
0.990368988362309	0.99471483602124	0.996065805664305	0.995491561290667
0.989491352934122	0.99335952795541	0.994751534027473	0.995720759667837
0.99361894992532	0.993277484402181	0.993002386812628	0.993157460220859
0.988859875563541	0.990892385735873	0.992860157947411	0.996452223474772
0.992579306257465	0.99168109205054	0.998506288458835	0.994358914788696
0.99304901134261	0.994355932246719	0.995201329725147	0.99410050871472
0.991544995151077	0.994947454510556	0.993480281544313	0.988084157153509
0.995504667648321	0.992320757966358	0.990824377638322	0.996624592994408
0.997246294574255	0.995716439948075	0.9938296308652	0.99330433422505
0.994259674891412	0.995883402994572	0.994386271665224	0.991623026252602
0.979856882872082	0.990374044837658	0.98465636444191	0.988362503550735
0.996263566588433	0.992651425686245	0.996963776353179	0.995698543231847
0.99043933187679	0.993789777679058	0.991821188264865	0.994891846985066
0.995139007252368	0.996861964129122	0.987342100544197	0.989958612156872
0.997328300247072	0.988345466649669	0.995487590001542	0.989885753070036
0.991870614903233	0.992668805811905	0.992457984358301	0.96859228597744
0.988783927801283	0.99436195372437	0.993924040749114	0.992634315409618
0.992944732303631	0.997852925386316	0.9970647457401	0.992480031500168
0.990492765371629	0.992066487766947	0.992375159342142	0.993351761202255
0.9850463386824	0.980872387634603	0.992328356883881	0.978593773735587
0.99321122824629	0.988638258660251	0.994058338534926	0.991521149254154
0.987332913730858	0.991428456118114	0.990650687209954	0.987477857739198
0.988640548462387	0.994130325666885	0.996366489406508	0.995605551593468
0.99075054165953	0.988847891091563	0.986447392291118	0.993734309853952
0.996164700344039	0.992235594340901	0.989614863412663	0.998276281059166
0.990607281570755	0.992355140983179	0.985969413363601	0.996076133312749
0.995917713471895	0.994551673876921	0.991091832813792	0.98694761695634
0.990441122364241	0.996883478310737	0.994138899392521	0.992007680754829
0.995789434404727	0.997270835697825	0.996293796213614	0.986709141746179
0.992089683130086	0.991707117064448	0.9936523354622	0.991787710182902
0.988410145795418	0.985622855872426	0.992834431822761	0.994134419231166
0.996261412261542	0.992900017251497	0.991218690851885	0.974574318426177
0.993003140043394	0.993054875071691	0.998386527460208	0.994412966936089
0.996220366008513	0.993914009483068	0.994625683048224	0.987362644530607
0.986579472638519	0.986438770140997	0.995892138935988	0.996252499589645
0.995034530456725	0.991428060678903	0.996515746910753	0.988511702275211
0.990727212069113	0.991470349812463	0.992643024537696	0.979674345894088
0.985539842344135	0.987189025304593	0.990370456480113	0.99533130863406
0.99650911478337	0.993574284076594	0.982572144252161	0.994865636797235
0.995134384509175	0.992260643373092	0.992379552974239	0.990022989630002
0.994353638482633	0.984368675652352	0.992869089292079	0.989307072389041
0.993687441546991	0.995764293888501	0.996879360684732	0.991315889112851
0.994141615693361	0.988999232053747	0.990199028587249	0.984139100193023
0.987259805576955	0.990239086305591	0.996583768162329	0.996942253654478
0.991186421092805	0.981455009060876	0.993258797852636	0.994714482101164
0.990640552138791	0.995321231327551	0.997460338130147	0.991355669700943
0.995985558822837	0.990996702333331	0.994980228785736	0.994177935800398
0.993280094285873	0.988068079400166	0.991817328997506	0.996644705552404
0.981477106075688	0.994360608907593	0.993202294293627	0.995990396826736
0.991700885398793	0.997181809445376	0.996500317341385	0.991947344134946
0.991532148468532	0.987843707587978	0.991381717907408	0.993428466664729
0.991258332605349	0.981902276562951	0.995388068476812	0.991571426566306
0.974796068672867	0.989929245406401	0.996095779418139	0.992655466298467
0.994360012318037	0.994244115585753	0.996560877597197	0.995567345383359
0.996567840768816	0.992571092337389	0.988830257869203	0.990667954053401
0.991093472345335	0.988570173005726	0.995762335598577	0.995968877196507
