0.888061084109569	0.812792657265554	0.895830198931483	0.988368418430225
0.910403865027881	0.8526444526047	0.862166395427619	0.934893876473292
0.154700886914841	0.772770697959006	0.885733805677552	0.641918543620476
0.668771742866634	0.874789410919472	0.533889471177693	0.785183027737125
0.830867438014229	0.789780346611935	0.704096822576039	0.852365662810138
0.676119576956586	0.433576420792204	0.252775539079211	0.953138000274749
0.649176523800152	0.901122124411095	0.358275278943348	0.254825573956314
0.739157395090589	0.868511887604685	0.902488594446929	0.872809174697871
0.813366685499732	0.82499524226699	0.775180693291433	0.566949499388411
0.780579027812277	0.469504500877849	0.675784008285898	0.499425311861914
0.79193668806585	0.279163891230198	0.38279232027868	0.683115369236722
0.144706110551807	0.786482416475595	0.614582324858935	0.458371223505985
0.785579619428461	0.755090018269565	0.463835147789264	0.588560323493236
0.857957620396261	0.820338437644636	0.819726033870141	0.401231718331155
0.666609816792957	0.843094674696463	0.831289951583706	0.876470944454198
0.142134093214322	0.64071738350161	0.901540887853569	0.747234625179912
0.908389684497815	0.881463737668183	0.96345279016161	0.845702315567434
0.557723815863142	0.76199549820426	0.43193688312589	0.600740059397377
0.830951884054348	0.766201151180926	0.845279338973815	0.738896261230061
0.78664013449961	0.850439455218477	0.806199801534342	0.746765893197164
0.748303604540965	0.818058470915037	0.973110696063275	0.699337431177234
0.793509937968527	0.955227912221722	0.64285382856802	0.867035502676903
0.815993795362482	0.696010807991635	0.162603239989306	0.460917646548595
0.844410404686797	0.531141989760827	0.78959953419548	0.873000791812255
0.919100598278987	0.878811102587951	0.379980621032358	0.757047866761449
0.478841070681866	0.818329674989778	0.831423262579074	0.718496046469109
0.498611806594463	0.789492868552961	0.736712957839735	0.492897362944759
0.886974058187769	0.747669252988967	0.940739660201024	0.92256151466696
0.728871101472712	0.536226648423596	0.905580337114618	0.408038115351019
0.813326193578444	0.236287210337417	0.565015863790451	0.698966185514897
0.752364037729089	0.898931334924451	0.193554552166	0.878179162190185
0.73133770041712	0.682126877190175	0.58117291438691	0.694835888785854
0.829160290723196	0.573988041529154	0.79331327439857	0.599965993996078
0.894753517109492	0.933753776602422	0.594675095144345	0.680266547108691
0.25022919990679	0.459140352597827	0.482107913210537	0.669630018222104
0.868611718165142	0.632553979591191	0.751435299919007	0.738686243671052
0.393522765982092	0.602923248144488	0.67642802694328	0.484251245854456
0.264108584157555	0.870423597255187	0.662933556498182	0.701224943075273
0.506930868095836	0.25829682229642	0.760128855615138	0.930120105661562
0.711545378657658	0.708528007569661	0.635446097438007	0.837854410637371
0.419340202252929	0.397132609726504	0.677907899868468	0.735791512146039
0.782730309344015	0.824550711697355	0.800080495877531	0.938173696845947
0.420629144971259	0.761767469398109	0.316967732907201	0.629862074040676
0.44901052862382	0.753639382566999	0.74223884417816	0.852545295456337
0.238881874027544	0.925440280137006	0.785111705466582	0.830049815039785
0.673728630705148	0.851147327842275	0.899185579458353	0.628200741648646
0.572451973374253	0.847652143787468	0.626422102665802	0.852949432653656
0.719011714697858	0.905083121775634	0.936398637485508	0.873280435235217
0.73336100414516	0.771721038895592	0.937729870921943	0.887093293809588
0.766740477630933	0.954291863627807	0.727601951565323	0.603953649525708
0.845004266092896	0.728772055377338	0.881533410238599	0.785488709615948
0.94887842824654	0.465251236259481	0.393001114647726	0.54555370638561
0.560736955773948	0.530208714768932	0.924089278368677	0.862264861067003
0.856051212009588	0.912291513636987	0.248133437212782	0.572385747285809
0.750821197752567	0.873797918129595	0.87060876943108	0.927323566885917
0.657472969339579	0.267785228790026	0.735473600979297	0.451697817882821
0.770134180174961	0.326692215443305	0.944538529492423	0.282467270058798
0.65026592800874	0.887697451333648	0.912463603938139	0.678764218774925
0.899852991667328	0.749813220953956	0.4408349206104	0.83661632184505
0.782731010539013	0.751330806124472	0.838526337086362	0.826421785384264
0.684956383323227	0.79473303165307	0.811625707563417	0.619737872098486
0.255959592559601	0.564706255574177	0.819638576683363	0.791317260094283
0.575423349058861	0.787609446877141	0.63912373460348	0.840408632667424
0.615998357696991	0.806719297736329	0.827281093435351	0.615456992945744
0.619860523809478	0.62679404317029	0.478084199119514	0.560850341251139
0.895355255415001	0.750373587960877	0.785967869827982	0.269749154900302
0.766102546527805	0.807396947616593	0.483198366533797	0.800322254691425
0.814344085777195	0.544033035712468	0.774571874656938	0.123169873479337
0.788415957042247	0.183824221651641	0.725090279097413	0.859445461584009
0.835989781135217	0.979921368620477	0.895374133471282	0.777787605617398
0.884078686324106	0.820417463190808	0.710897229028265	0.862980966137997
0.801447540403712	0.925585143101711	0.903413194334539	0.783083862101502
0.752340683272338	0.897154891993208	0.637397814493455	0.573652187862029
0.31192696705432	0.714504267281407	0.872615077043993	0.756293259845813
0.690474148225652	0.754103308672665	0.847967272250613	0.904192836780943
0.569291304652511	0.658800489582777	0.857295046600551	0.872829808442326
0.55920600317068	0.740551241053156	0.332096473089299	0.784651512806359
0.583126401482224	0.827277641607125	0.860797331893143	0.882753235684103
0.895821178874807	0.447051034908914	0.65755953036301	0.848705478168114
0.662459965770454	0.520365755298879	0.446413959679781	0.579002878506803
0.384042030725505	0.599267291880788	0.828531805534475	0.511123642038114
0.658717501741114	0.454474299259257	0.77894655147678	0.70423887781945
0.775191056617979	0.793701776177875	0.748871113390316	0.802707694769511
0.780942986444225	0.935771876063564	0.505857790593315	0.553585412948997
0.683862511248863	0.872042233715789	0.755418217398103	0.278316841964329
0.75572659027964	0.873294748978715	0.869507659191538	0.887078603104835
0.781346773977397	0.783429352879241	0.844010409397979	0.842222413525329
0.877479854548321	0.852096094952217	0.901302981345176	0.723258482413781
0.492524610699681	0.753210738863268	0.342958274390476	0.550725418664499
0.853573239862646	0.83426359639566	0.886528308990773	0.290387508663357
0.963771220736172	0.813625400127221	0.9557537995197	0.776843383348147
0.894134404625472	0.915348716780365	0.851509646806997	0.821646936405223
0.850711570725626	0.695431083419679	0.710480202712359	0.807814038969322
0.558018144830219	0.805984532811191	0.450151235470171	0.345776745405248
0.925653311808686	0.482698291414021	0.712411745362904	0.505453972352407
0.672668916266198	0.699432344256704	0.634260881392732	0.679904297491476
0.886861743706406	0.828186843526357	0.590817278948308	0.835632495058604
0.86585130187206	0.916004983403893	0.702721455535858	0.680086201422771
0.76091702133307	0.377756290905197	0.920631898290755	0.638996367467554
0.449477130395963	0.674083769704687	0.868708856350308	0.86027794482995
