0.978236492003351	0.971296800554641	0.993193463802434	0.990953914358287
0.981297549695697	0.974205517820474	0.98998931624635	0.971777235307049
0.980752722790257	0.984937594552921	0.985949029112766	0.975900138266993
0.961045442773969	0.982579133766976	0.994061050899949	0.992294503914478
0.974038921514076	0.990151589097582	0.979149438172731	0.971275381617531
0.987022467543653	0.986035253501909	0.992982514519355	0.977631989107358
0.980604932030602	0.997562853779462	0.990723219861069	0.988080870539699
0.966873725110756	0.986723258315809	0.958512944791299	0.963917245588604
0.949685149175495	0.982661306633595	0.971341754378879	0.958516718261534
0.92335379258368	0.928412609007368	0.83951109812024	0.981605176717089
0.992484687179984	0.985606950134678	0.977362371684792	0.977979125745658
0.949568984960768	0.969392247956939	0.979445006053525	0.924655619820486
0.960785111806774	0.993107394200719	0.972115418094561	0.987768470486082
0.983103748422612	0.992719458302671	0.974613555982608	0.972196374435084
0.981804579165169	0.985931801914355	0.981390904757956	0.947955090875441
0.968886121037849	0.975733475249011	0.979809346622874	0.980041952119163
0.989281107781408	0.981845212188323	0.978651283397271	0.991410787472799
0.974901982355437	0.977354920609079	0.956083532475536	0.892587458299908
0.979415833321009	0.974510039325222	0.959890750677799	0.975094316352276
0.985125385881321	0.96630654210132	0.991821136641094	0.949177059957257
0.973397504840871	0.972106535228494	0.973974114990776	0.979001088836637
0.985703187976595	0.993987603387137	0.966022147095731	0.976694246318196
0.984182813048926	0.988641011203754	0.991435530135606	0.980098413559989
0.985262322415683	0.96862940702553	0.968214045575201	0.953174741719407
0.932261266634738	0.97192079105029	0.984489844069208	0.973398981055846
0.982886567734867	0.984483518000022	0.978203183627077	0.98861703594857
0.975677903262184	0.974795838426351	0.952454046238652	0.935372884428011
0.97566364780083	0.947344337416901	0.917487806218038	0.980358398899882
0.976051978220956	0.985668413509416	0.994199827064763	0.970854492365084
0.973682372582453	0.992127188879057	0.982320373209846	0.975729431649092
0.962277097707371	0.98031139665511	0.986377608529708	0.994421121032505
0.974073430035393	0.956099262864148	0.972235422705539	0.916938284036204
0.983483132554432	0.976276609035043	0.991905140546566	0.983382663140231
0.95026582728407	0.982995595204753	0.95272604724258	0.986830001312442
0.989671321492686	0.99182408737081	0.970323326578822	0.975816914751558
0.992507988861561	0.995545658873619	0.981046668897517	0.996794318058475
0.963645262355429	0.962647674865381	0.963410257021458	0.982223163501733
0.949241920741338	0.996917210047422	0.988267325667225	0.983786772572928
0.978930448539296	0.978174611652227	0.987868392970824	0.952335205953053
0.99358153730646	0.991891035627553	0.969077572283639	0.982012530318501
0.991417851305904	0.975414511850115	0.971054621397842	0.968316538757582
0.975836181771288	0.952130718626263	0.981141491814383	0.993349911914112
0.98622035484728	0.948538662041827	0.993381965986255	0.971148010468695
0.984683084328314	0.97201333161724	0.990954741489622	0.989301720850881
0.98507718300111	0.978190008922411	0.989216022258815	0.980459762023459
0.984601422164323	0.989902463936897	0.984459557175635	0.962074284042062
0.979032339184787	0.972504695703661	0.97893438020089	0.980355141338336
0.954179880080884	0.957840983608967	0.989802469247826	0.982624093340153
0.988011304360613	0.952174100044359	0.972761852774479	0.980985666441144
0.969683999570982	0.967449163572512	0.98549041793469	0.972553207161292
0.970596915763259	0.96182736435126	0.992147703944641	0.987606247533479
0.985030845265357	0.993187387070657	0.969923953254126	0.98312590531934
0.990448125857493	0.988031447715733	0.986398645598169	0.966911698642996
0.981707834670876	0.99357194681137	0.938975933541517	0.986912100339369
0.97909514688913	0.978179503689965	0.98989433735321	0.971077618115494
0.974687027811463	0.960547878327511	0.989735842947622	0.963887184600551
0.938242004030336	0.975776014012161	0.977031459064753	0.976156606151973
0.979064530115241	0.98823344385343	0.985490790231287	0.985356173280941
0.964637579875859	0.981955015767353	0.909672697619828	0.988195221626149
0.967302813952621	0.98272240108917	0.981996189548017	0.947644561914952
0.969239863658584	0.981197763057481	0.984740195724551	0.973681477967474
0.964820771434564	0.932718372816302	0.974355026139815	0.963782602687465
0.972374918293091	0.950755078980444	0.965728952662736	0.933471585823764
0.99114618618687	0.992759982388021	0.986074744225643	0.979132422340111
0.988160677539072	0.98580312043016	0.98638085617505	0.969718318287595
0.97518549616036	0.993829093000731	0.985469381639012	0.988431851419005
0.952764937971382	0.986894197395133	0.985259658263797	0.987359449589962
0.98585310923235	0.970522514937052	0.984523457271736	0.985772850618287
0.988613565577679	0.98272646081625	0.987376387568521	0.968906446865786
0.958665361457254	0.976937269894489	0.979709958023104	0.992016908018567
0.981688982706878	0.946659854292004	0.953634426940582	0.965709528069039
0.982695009954101	0.995336361057269	0.982323937679427	0.971191525124152
0.984435332987629	0.985029881009936	0.978844781598422	0.982059684559333
0.965410184492487	0.95208514874709	0.978956395477522	0.957136941805925
0.985176572699467	0.988526376755503	0.977386214778719	0.972160590380402
0.983213286539765	0.996344270263353	0.976577561152508	0.981019578034162
0.987498868288243	0.989040629419174	0.969373913535533	0.991124445062326
0.974104385010725	0.988204869240283	0.994240992065209	0.993703998005044
0.97886928743244	0.988070409718171	0.982803122055257	0.991014004269613
0.986245665561911	0.975863516654909	0.986135215559806	0.958496559441402
0.98319197132078	0.956896386850058	0.980772835037297	0.975756226312185
0.97206307963793	0.979838545474032	0.994076265799849	0.958850809596871
0.971381588527822	0.97506668869807	0.985741340447484	0.970967973084251
0.982921546389008	0.988273289235861	0.993022934600249	0.989582380363238
0.966967731694301	0.972979757830367	0.992487234850157	0.967660160970604
0.9865141269886	0.972386470141379	0.978115517726518	0.963244070469595
0.94592536556268	0.979821661379398	0.958185279757566	0.96893267442311
0.968426562529699	0.965517041411204	0.969570067187499	0.98654163513013
0.990880037944365	0.977175969850988	0.982080267311395	0.984246391108716
0.979736448870897	0.978848800246217	0.98113953499493	0.981862152535502
0.975996535543359	0.970572457530466	0.970271606540224	0.989753748716016
0.983924524430249	0.966460558517783	0.987937803599738	0.981479942230905
0.982361614338056	0.971683560135541	0.969704018775558	0.981441412167331
0.973210881779422	0.99207896218787	0.962735567930363	0.980121092221364
0.971020036821019	0.97704483235226	0.962407893002962	0.928657980993926
0.988816731930463	0.986440760550726	0.992465391101292	0.982736146271854
0.975140111664006	0.950607379488024	0.986762109929676	0.971626305404734
0.986460975941143	0.974504910743554	0.976433459014053	0.975850555392684
0.984943007468706	0.95819757974601	0.975194918675433	0.979212265312971
0.972548558468032	0.987155471666861	0.974723647556804	0.993803640915164
