0.734483465024525	0.727428539522058	0.552896016907919	0.470261694415611
0.667017115961222	0.737101896070891	0.321767329709029	0.811280760305203
0.475051703536346	0.768546115564556	0.807862752275967	0.137164256810745
0.809088413790152	0.820268202733778	0.489610762455158	0.757626269541871
0.708200603355668	0.448801846883723	0.407175649656516	0.844463370979746
0.877913793036685	0.207720905146378	0.46479030866783	0.70612388955056
0.599250171103287	0.722135306966999	0.593777393754966	0.346545884465214
0.656728037639874	0.784625345438162	0.521959060764952	0.892547885651713
0.84610129495798	0.500253130863448	0.524067877677865	0.422507603940793
0.834506291637845	0.764875785677304	0.415461491751233	0.787186665703355
0.386290159393492	0.836678330473065	0.553905550251478	0.889966041444878
0.317502099258506	0.518652782652006	0.900587662968225	0.787389000785373
0.377424011486274	0.720115556710744	0.8995288810788	0.584902674583638
0.727103988700006	0.349218930495022	0.811569739740569	0.714049869989213
0.406642659764357	0.931369976002988	0.84856117508956	0.669391277908127
0.440132551730898	0.286293996923955	0.736663475779347	0.692641603821652
0.555874539852987	0.836443449264786	0.725548992277685	0.917461294423467
0.771427162834106	0.656534482944999	0.414544504456288	0.42062000493048
0.621303976744148	0.838599655390947	0.869843569650935	0.337529366046189
0.54399109897326	0.691075772330645	0.623863018216432	0.637744790460222
0.655903308340798	0.831891771538082	0.751446317088311	0.716421328458935
0.20153005413555	0.619977373933584	0.746864190320774	0.592991489577686
0.347589702868028	0.70349009228935	0.387339704454243	0.718217186673417
0.632794869248748	0.793430741011594	0.485736908541804	0.89477633368452
0.724629672640278	0.828961331013676	0.472800960167646	0.795616692968615
0.679579248298441	0.716515810749062	0.815527650391407	0.751655799885049
0.508432869506402	0.640589757443073	0.881211984644064	0.579685497790939
0.780143099286817	0.624709248701936	0.678123455634445	0.448448274768749
0.807024713026112	0.563564107398037	0.406891157379153	0.794433492428444
0.394256817644644	0.65431363215605	0.38192973043769	0.575100494542937
0.333708509257675	0.680583633111678	0.763891986086416	0.509839410501823
0.381852496926103	0.609613916821215	0.879869794319464	0.625128662859892
0.665507182253035	0.739641394834911	0.688748622681411	0.289352960002155
0.769806686841125	0.757123644102554	0.760456614761533	0.733998426721699
0.811806054939365	0.8167079662446	0.516607167486285	0.221974796006451
0.216467709356177	0.600985953087241	0.864915990567729	0.73727190704242
0.863250734126279	0.348044816854152	0.712264678367238	0.553906359020614
0.344578385711048	0.48126576389936	0.772092877999815	0.815041845715825
0.630587914079176	0.223434063905275	0.418712914843934	0.77153328279423
0.612246109380752	0.387420251682552	0.558471058421603	0.578746352094053
0.475868040169895	0.933659352331678	0.773264509397905	0.784083972382563
0.679281028147437	0.906571707491826	0.692849217365385	0.882236615042609
0.760951769329844	0.664545384035294	0.79759206223614	0.69683378623286
0.451565033712757	0.490252109196468	0.609494414529489	0.828129153369889
0.276573723422892	0.693820149145799	0.653435225141058	0.631824883274721
0.745037053611453	0.603917443507689	0.160379321866209	0.24136601821109
0.346239866547343	0.35316257992095	0.614046822371606	0.599954481333999
0.287020809036001	0.796379505586605	0.791986749868962	0.867920959482062
0.705226026462923	0.826293600302281	0.506631307683426	0.852506531047232
0.62597799073261	0.444199167061032	0.660368109022558	0.644791198210553
0.879844201800121	0.345786681717542	0.667162931889373	0.329353146745801
0.813473974439066	0.581677440921836	0.779708299117493	0.490260842294424
0.720274449912304	0.811614090619306	0.789743402975434	0.893624195493548
0.57552277927396	0.501468571759366	0.139125668241846	0.491583408870826
0.719042135945205	0.603926068303742	0.391537655696755	0.750055842661208
0.518075633149985	0.725761878103036	0.773693232475035	0.788860656192008
0.61565175520842	0.704034547053811	0.437427963818401	0.488265811005267
0.578868382990605	0.413751233426879	0.908082387173295	0.803715599107352
0.499067639161945	0.684649945214414	0.354991670412579	0.346797589957284
0.562023921459379	0.803265319382316	0.673266196381816	0.488959432313937
0.401763974369715	0.850932735976304	0.686064352127235	0.379225519012688
0.108188924268628	0.781949221675709	0.852321731062384	0.719069411614717
0.492423573700634	0.383139529012907	0.411729927784673	0.812696151583282
0.735416671039776	0.640966595894909	0.906542739787675	0.705254135992438
0.535142273448153	0.640704214816781	0.808373907640445	0.385280446529194
0.672322485299283	0.421367959901862	0.629293866332256	0.625003834757654
0.513010018831979	0.842519805121192	0.466545141146869	0.470448918666021
0.401353773329248	0.587054454031235	0.661903669887934	0.702507561065709
0.909019624459833	0.548691637206703	0.877307143212902	0.782832830605297
0.361876571539585	0.449052331318081	0.645910803427634	0.725649312375674
0.893251059756041	0.414432500257193	0.883471694112136	0.826647915586328
0.369603871114692	0.779439613745877	0.76505381949221	0.878236680003951
0.857165340560454	0.749371513343216	0.904373342950553	0.235787480816687
0.870503206446424	0.752419673716946	0.171463074897273	0.553126057915376
0.607988697948356	0.59498553565149	0.662318777534528	0.364809892370224
0.811236337564838	0.91411056026092	0.615993483514646	0.800753013762145
0.665390660580454	0.691061575185092	0.824125876910985	0.734155247474439
0.803378327216118	0.732953779257867	0.796479673878627	0.670351259299277
0.706096993021272	0.785868740364719	0.525156139403135	0.87399468193919
0.612609892754833	0.643930591734002	0.325940836409081	0.712161160762369
0.703568612757863	0.701370620785854	0.455271184012756	0.558606394420823
0.746877869731953	0.848417408421298	0.763000546512511	0.442970789278902
0.53949508348404	0.501318482273498	0.815683850427339	0.634849204526807
0.525615707440396	0.505225971160155	0.85441647992268	0.651632654742096
0.816203371815688	0.196526364603832	0.900127191246758	0.616759335835485
0.567971493861204	0.595188886563764	0.625657159889949	0.784554543393859
0.755687417252311	0.751001483570035	0.482779086091158	0.758430233340283
0.834787127578797	0.472300121831141	0.462894608661459	0.735811274203032
0.794169560314179	0.573171509214479	0.434942408552471	0.779479431656149
0.776092245806561	0.787448146580816	0.442422409020517	0.838538580838307
0.84211179270289	0.810505674929371	0.744472468336022	0.316800382833196
0.781804959695017	0.756337807832152	0.610155091580123	0.419406823772016
0.675334760979787	0.73847207262412	0.744598713823551	0.512429449902809
0.784677060838375	0.795817927964909	0.65513952370908	0.713327780788764
0.486043854369736	0.538956352414153	0.837126581312728	0.499383907591641
0.802719472991975	0.548404003911422	0.531031549560556	0.54478395231402
0.677412255631318	0.298397306783207	0.604603500365934	0.749459722155299
0.583805403653743	0.701198960851424	0.480751918927863	0.618609132820602
0.746263702326723	0.921181583410948	0.203749822588933	0.418901901190479
0.727695658351297	0.459762413422767	0.790244727116174	0.858821916310404
