0.788887207291105	0.551901689614548	0.949423572489844	0.603929264668135
0.96711815927747	0.981678934432665	0.96872720898644	0.968074623390012
0.942682943328408	0.911417294524438	0.973833828478814	0.962394174466259
0.971494597565527	0.935153568019487	0.939489300761436	0.906057831512182
0.959012184694484	0.989025497577888	0.989973066307496	0.860234425777135
0.949480199690641	0.939366053262892	0.984805372585899	0.965336818094225
0.980272365948331	0.965499779617478	0.969470755575353	0.958270913693852
0.97345327061848	0.982710291338343	0.824334523570545	0.957608917597724
0.957335865911939	0.961591922485428	0.914568159322112	0.957032635099007
0.968694843489156	0.960098312824387	0.958497714610251	0.980920198840783
0.990722791168527	0.965345243737188	0.93503278574198	0.947973366863898
0.964732179169544	0.917166246609984	0.970524596326806	0.9622010036088
0.945325954818147	0.865977692330264	0.86088523004091	0.979107421926115
0.907756715530236	0.961760326146174	0.948440259377981	0.937089487654725
0.822185777770709	0.94008178972391	0.850113290432659	0.957229104241192
0.977040978119941	0.919001293176053	0.929239916946964	0.974166047852163
0.963465739688351	0.949013310313892	0.883028940073941	0.916491183759434
0.922626501694574	0.977900520720276	0.976646181270793	0.985071027866873
0.956058526547994	0.976963942601223	0.943095159536322	0.926237809370745
0.873692616206654	0.953000128861668	0.931753519634201	0.886945160836918
0.922335558810946	0.777135753799431	0.952253127232875	0.923214327289161
0.971963970404447	0.932020837366556	0.967383880696528	0.989207026509543
0.888838703228744	0.807073917366168	0.943343968046938	0.940927590760907
0.933087003937544	0.987162513309051	0.978536164835412	0.927635621953144
0.980382833883291	0.963650680313316	0.975161047795082	0.949150859540323
0.972481732023806	0.951366881733296	0.976701954336333	0.955615983869867
0.941687675671452	0.990787505136174	0.959312561944637	0.98647820575201
0.918727756827538	0.973532639714923	0.979467453145917	0.950364886869277
0.985021263029043	0.963434461291785	0.965303759636515	0.947111343541917
0.957812027342058	0.926382910841217	0.944409650772709	0.440586013918055
0.77562198006617	0.956073384468981	0.898582190295819	0.816632936489995
0.609546864823412	0.667939592214512	0.962768775439112	0.983865505833895
0.956104106630745	0.973164303606681	0.988660126846179	0.974192426512988
0.962041116665693	0.967737398815154	0.92780856882539	0.97591676626491
0.961353480806418	0.915982563742425	0.943555801888896	0.941686428881254
0.892062791379535	0.945704357189828	0.938147826103497	0.93774208589636
0.969984543947246	0.942501611869134	0.967411625765772	0.96245715840519
0.958934748652104	0.962778369582757	0.964566346136074	0.938443077790734
0.965118706841379	0.888123013811331	0.947505804645976	0.942477679133472
0.902131584389333	0.939686441591976	0.956731195635013	0.974084527274242
0.923349637063865	0.917881226545266	0.942855823664962	0.97954204023879
0.985740318572998	0.984816875034761	0.987080210619828	0.968301409420967
0.900815154299071	0.868619388816618	0.938937045950139	0.973523802188476
0.915808349038136	0.981395937312106	0.928410769110466	0.946578284184475
0.986298938920181	0.941458525711091	0.977520079800557	0.956700930891854
0.664854699638865	0.854492080015386	0.895609886727073	0.906840745339978
0.94406578570884	0.985135027774637	0.971760726131025	0.983451599198704
0.92148123313796	0.915197606263626	0.973321817986284	0.949602864528015
0.933024156263699	0.957117035841933	0.968590659418746	0.942892669187558
0.925546598330672	0.979279063287144	0.963166267113729	0.973833153890333
0.963446072354437	0.881313034913058	0.773863388392221	0.337675365266727
0.953891225318899	0.980483898579754	0.983775497226371	0.955077892842587
0.953936689921153	0.975489713047877	0.952440610925905	0.986979089104536
0.982132100121393	0.935660995881491	0.942002781479838	0.927192420934013
0.967148607462418	0.967284410668117	0.919651831894395	0.928994350421336
0.851929088861447	0.951873353431537	0.980886932330405	0.975106176703561
0.919279180113801	0.933101471720265	0.904433181704226	0.946753666860386
0.930509506204722	0.928173579585221	0.988864315993997	0.954729258541919
0.993644114028677	0.983782086334749	0.974905611395306	0.976314083867287
0.976619593250716	0.960990706942066	0.981784706074391	0.962916837709278
0.988849250569057	0.986113178557347	0.956096536298469	0.904867677945425
0.963427736044394	0.873271868880998	0.94321128454645	0.961374292478101
0.967514488522129	0.952477831519718	0.939428298119061	0.941140151237482
0.972777255863804	0.924088285222861	0.964302310238508	0.927491404524013
0.987308967344999	0.961844706746175	0.871155860158969	0.98843878193561
0.948391954149126	0.941752551086595	0.950517318008885	0.970492689652453
0.929073630512556	0.960505886545171	0.937624836158232	0.951897437276362
0.796980677209631	0.93127535653651	0.973614254532513	0.945341722513534
0.940092862169544	0.958992042071993	0.976536633798917	0.963000775800162
0.985951489999993	0.990495223017506	0.992481930702054	0.961260588306803
0.97019893394858	0.96946388334152	0.960479040040422	0.947416027044616
0.985809686650144	0.981343771884667	0.98981978060006	0.952151452497282
0.948514469623302	0.954335220101797	0.954988018847854	0.973683694124923
0.935797036742378	0.928898211785557	0.964972597676732	0.970136558042375
0.95633759450647	0.944284667454084	0.965291588344923	0.955454911008218
0.974245483385151	0.954203970623469	0.925505670507608	0.975638147756612
0.957846940259175	0.950282055761965	0.961950718870223	0.931107603006765
0.979029770110026	0.955767907752438	0.875851343534764	0.948713842367989
0.964374962720915	0.983826920109306	0.93586057142796	0.979710907577129
0.976859211527974	0.966829547727158	0.98320907823351	0.986123840521134
0.778681741247732	0.938148097760789	0.969373753244241	0.947863570166378
0.918243467798594	0.990845226024882	0.984239704067326	0.928967071370993
0.974294027778262	0.82639926162019	0.93450263103959	0.946103099635132
0.90020059094202	0.957207692267529	0.969425448870223	0.957473246525754
0.94998751555847	0.940451159450114	0.969853016642188	0.973797274024755
0.975039585463928	0.989314477945306	0.97180187253081	0.953260274357409
0.950586168445873	0.92728410440718	0.936531382036048	0.97761963411855
0.983015579046504	0.959894945006836	0.870950687646154	0.944479639836604
0.947995689533434	0.903411802881549	0.960153975394461	0.943048048254976
0.951550878221747	0.924719964624024	0.909722490161274	0.978179014340953
0.916049344125517	0.972441499860441	0.955301036218621	0.950832114700412
0.982790354126176	0.965187579512469	0.923888647686929	0.939900170564324
0.974075288951946	0.967029679425874	0.965684136218902	0.945900312492316
0.909967857875365	0.933662447986863	0.972515085093464	0.86914890130319
0.984313434307075	0.956823492073354	0.951225113484939	0.911425236092557
0.9271110981316	0.97328424960699	0.92581588294155	0.977010050745616
0.937828643297215	0.972305401972224	0.98174744795493	0.957427933919881
0.94750343726593	0.968037003909058	0.964457376452204	0.974056114288318
0.970645868808269	0.954265710896125	0.948501144069076	0.856096672626913
0.969490107380587	0.971521110807388	0.956874282285352	0.962300984867652
