0.993393512333542	0.99729967672786	0.998536341965389	0.99493846966953
0.99697878320273	0.998872013997373	0.994286430948487	0.998105611377472
0.998877767427116	0.996282508636672	0.994715097141808	0.990757150934978
0.997094228570771	0.993812729077579	0.998437154357939	0.995239413931549
0.997076955916676	0.99402938981237	0.995427189551065	0.995736763036256
0.992424748122724	0.997142617233225	0.997094468402715	0.998668717349755
0.994588927983438	0.995251487143198	0.986689205084418	0.999013856509116
0.993103779728709	0.996177449973651	0.996830236887461	0.994627672163701
0.994133983847749	0.994637062096179	0.998553763062953	0.996892084609372
0.989069521922874	0.992390628079193	0.993909259489179	0.996185118514593
0.99810987798523	0.996767384010733	0.993699601680113	0.996422131476295
0.997424979936057	0.99715634297205	0.996354968186219	0.992106586913423
0.99703868623969	0.995369977087755	0.998385291679072	0.996208304698937
0.996783028729725	0.998088545065793	0.995441009466452	0.996515145284966
0.995661989453522	0.997157579279654	0.997061052155765	0.992356705629598
0.994282897227809	0.995327483316636	0.998862380011853	0.996907800371425
0.992480818455444	0.997144665556609	0.997067789505937	0.997550504603358
0.996243556888244	0.997440036274715	0.998585737467933	0.995505934442708
0.998823843740209	0.99489389073157	0.997856095567819	0.996754828564591
0.997051786502853	0.997527611386521	0.998298492953879	0.996368219154107
0.997902102421655	0.997549211019096	0.994911220478822	0.997343033459816
0.990283477603335	0.985387781740567	0.995966181533115	0.995468149541636
0.998009436426417	0.998690429338277	0.996965082675448	0.996342045733444
0.995076731382687	0.99780498953828	0.998536477023717	0.99435242575901
0.995046389836205	0.997918076957407	0.998057016884908	0.99589684566338
0.990485276844402	0.995932779789532	0.997101484438043	0.995247614127252
0.997159848117449	0.997092274356251	0.99901824536659	0.996564561038301
0.997073420206786	0.996853965390483	0.992830405058222	0.996028856987726
0.998219720323332	0.992742068135216	0.99650419735236	0.99432736936862
0.995346039220452	0.998863130636825	0.997647551665956	0.994823077844481
0.987649365189377	0.994409644866387	0.992383210358891	0.991895301368516
0.998455431979937	0.997152872970866	0.991458004530288	0.994022722410647
0.995166251882284	0.9950210961306	0.996374900505923	0.998703365757138
0.995498453126635	0.998213046534731	0.983326184778864	0.997498673202621
0.996328297483152	0.993091474989032	0.998427224069987	0.996453334046002
0.997116465276853	0.998879313647373	0.999199551398093	0.995864458745362
0.995541828145363	0.995788162381191	0.996146299128667	0.996872393094256
0.996646363430495	0.992905263977924	0.997177934041963	0.998801332995105
0.997636583251763	0.998726039553262	0.996595986209377	0.997305836192419
0.996739481967097	0.996346994362682	0.996065953383876	0.997589330765463
0.99696524951761	0.990097713333225	0.998304074022276	0.998584556080439
0.993628467909909	0.99409704304695	0.996168618719064	0.9976251423472
0.996564549797922	0.9935128399918	0.998000908965779	0.996613067815317
0.996782574878452	0.996878570488686	0.997842110591975	0.993252743825095
0.996763823642866	0.997171353700417	0.998276093327011	0.992531037693433
0.998813701027379	0.994579412503665	0.998092486527288	0.998775395539756
0.9976524892536	0.996331068294543	0.995627155603254	0.996091956110847
0.999498660830813	0.998328591467208	0.997874828039053	0.997969971850692
0.998564368769823	0.99857272311088	0.991934670256637	0.998370922733198
0.997997033203778	0.995736512678936	0.996800381830944	0.997708209793446
0.998566760223269	0.997641704444776	0.998217221741848	0.997947805189233
0.995568555013004	0.998927164480403	0.997441693013419	0.99818432150581
0.995860891099962	0.996288333250854	0.998222766870726	0.998119944077769
0.995889052343681	0.992825530294468	0.998161914251441	0.995132689778022
0.996066683890893	0.998675592730165	0.994932197572656	0.999096593911016
0.996937489557933	0.998038352936308	0.995748282678264	0.996820852183134
0.998376206326904	0.996909847954158	0.995574194831099	0.996342558527187
0.995337169590598	0.992796341665485	0.996822893858902	0.99764788414561
0.986562652980172	0.994647101477129	0.987671461840605	0.991036131958239
0.996209436019643	0.996288937896611	0.996573207776289	0.996957099678559
0.995433575385986	0.996560327964792	0.995694867842775	0.995898740847136
0.995914976166702	0.997672526128642	0.997634765425653	0.998958597821978
0.996658028363531	0.998244821764652	0.998952289322407	0.995747319275974
0.998031738886598	0.9965589122775	0.994876742928185	0.999490882227887
0.998616342591685	0.987486573065964	0.993117153465912	0.9935903654244
0.993862712763447	0.998620434881398	0.996362275495194	0.999205261116823
0.995878423255771	0.997828232917055	0.998579720453064	0.996399436532559
0.997722572673838	0.99872688699319	0.998156458067146	0.996062836443045
0.988408476561942	0.994608036951415	0.992937951481331	0.99511284008238
0.997584077977158	0.995676055243686	0.998592154614216	0.996645745387059
0.996852139485714	0.993242753434116	0.996880069173667	0.995931042045715
0.990355002372206	0.996021772507463	0.992350347295224	0.997566485735121
0.998598000489936	0.996077101968147	0.994131914004794	0.995598558875939
0.995237921121901	0.998416128416778	0.995154490773413	0.993166482566916
0.997458820873426	0.996527211297164	0.996509130554556	0.99339951300807
0.995426341795147	0.995670123516737	0.990540810962577	0.9952508748437
0.996519826682026	0.993969669654265	0.992230222568148	0.997819613140768
0.997105838171046	0.994846103574237	0.996897317484478	0.99648010118753
0.997055565416602	0.995073145161511	0.997950281822323	0.997212788174967
0.997408980822732	0.997861429954735	0.994954808946777	0.995815750803892
0.996325451459008	0.996375667185292	0.998982009392434	0.996218273573392
0.99549897497279	0.996495308079997	0.998677704628945	0.997219961287176
0.997181667132756	0.994908745030796	0.994411869197361	0.99778246213237
0.998297260678678	0.993544549303068	0.994910607556399	0.99594485621179
0.994635369263982	0.996936326753435	0.99808178559919	0.991717266065056
0.994534411350689	0.994888835159999	0.9897823116809	0.995480834620497
0.994382648972541	0.998829065965282	0.995995534062566	0.990640693133947
0.997991503381833	0.997590814290101	0.994218872031563	0.999192226864561
0.995908018430648	0.997268854990646	0.994415146145677	0.994119234936572
0.999143287312214	0.998734403256	0.99786466083827	0.998141848368441
0.997023426617946	0.998023794690431	0.997122869789391	0.995669898569157
0.996036387063589	0.998026991352184	0.998392632388617	0.997734025078333
0.995163215794173	0.990945962506497	0.997895472017869	0.997819016401955
0.9967751492516	0.989517618742202	0.996140327580065	0.996701510594964
0.99808124252707	0.992022132521581	0.998770633154544	0.998772496213258
0.997340311880039	0.99600560039475	0.997698454320841	0.99877882596559
0.99757023456421	0.99533432685082	0.990161444445288	0.996020982812366
0.997415287841169	0.997177725479853	0.997396376248719	0.995671885305834
0.995972779887118	0.997027413979783	0.997876960699551	0.996191374274854
0.997988946444203	0.996934032026096	0.999211573393137	0.998390549497475
