0.99588237144016	0.986540976262708	0.997370151736744	0.997459935106745
0.995910936556578	0.996187750856855	0.993836326969714	0.994977049697237
0.998636477457577	0.991937263873766	0.997825201175382	0.994736631353784
0.99822528017343	0.994040604393395	0.995972023682292	0.995626347972087
0.995815777773217	0.99768822001255	0.992939415404156	0.997173513645114
0.995986476406365	0.990998782332566	0.995636104937821	0.99547283651145
0.994396455812378	0.995431650531499	0.996706051918151	0.997549874886284
0.997368180637809	0.999425546328874	0.99431321672757	0.997698158816461
0.997808621485248	0.995357976679653	0.994183703594206	0.995358515467176
0.992077875988636	0.996015981797095	0.99408255615381	0.997399837798381
0.997897403583	0.994811850910313	0.997306024475196	0.991472244032613
0.993920728664125	0.998675783666164	0.995923091118378	0.995240855970678
0.996329881899492	0.992739966807702	0.996709243963651	0.99836449210168
0.997138093187638	0.999046277444699	0.996641226920144	0.997633253438193
0.993211747447574	0.997997937224617	0.99778161565373	0.997636441743489
0.995435917555074	0.998827966680778	0.99821828253467	0.995202824419508
0.993387367464609	0.99149414731052	0.991060050417153	0.996766427060015
0.992650715045192	0.99598953884184	0.995968585542842	0.996793570876861
0.997701094366035	0.998165740980538	0.993497523150692	0.990059932184323
0.997357496744901	0.993600028721789	0.99417932450428	0.989530830115263
0.997212237000268	0.998564506243517	0.996108412742083	0.997520233860181
0.992686301793321	0.997364180638536	0.997459290493155	0.995302887294498
0.997307504799165	0.995324934515635	0.995899149239674	0.995407416267896
0.99761865213294	0.994862238126745	0.995542615693919	0.993187518951276
0.993234733306155	0.994740411792424	0.999319508484296	0.995878137768834
0.994209682753089	0.995432265117472	0.998244772781857	0.994743244848385
0.99518848881492	0.991762809837781	0.998591829637017	0.995802147613305
0.992894424717731	0.995759242686527	0.998346090130845	0.994690036080948
0.994888796077157	0.999003966807268	0.993542915080251	0.996397259063232
0.997284312603615	0.994677781996329	0.997114383709404	0.997690170721505
0.99671960596296	0.996398317122387	0.995379458048634	0.995570241200689
0.990683326529547	0.992315570761174	0.997781020851185	0.998160987835642
0.996781481894574	0.996221974313542	0.997951968412217	0.994135711367355
0.998581173300347	0.998342933299869	0.997282060470968	0.992844297446627
0.998636163075902	0.993687923368938	0.995773474849159	0.996509290106298
0.996745037233923	0.995212191917406	0.993554111426555	0.99703705336293
0.990736006235164	0.99559552156379	0.994561566109334	0.998017694049707
0.995568990438115	0.988837154247063	0.997819048850412	0.993897281997094
0.992560633872601	0.998521198605345	0.996249039087546	0.993262761802808
0.997136248763953	0.996977178966473	0.995029026185294	0.997511448323759
0.996589554295258	0.9920840235383	0.986324568172061	0.997745001345272
0.998509415122327	0.99342671330702	0.996636091318885	0.995031167234652
0.99656398350372	0.992760532258971	0.990691936030113	0.998233835377674
0.989483047986735	0.996485127650382	0.993095358022917	0.99447935261808
0.99675176202808	0.994070279977943	0.991904655874801	0.994909800001156
0.999293288292626	0.997892252789445	0.996471128900676	0.990575266132601
0.998657680503329	0.994054219940359	0.997511310092938	0.995349161902085
0.98803752817636	0.998186465793138	0.995289419694938	0.995016386305952
0.994802759575993	0.994484579310758	0.997046782115392	0.993843023426753
0.996440133523744	0.998477970163361	0.995709420507619	0.992665301235778
0.997620694860454	0.995734928963081	0.994995196709753	0.992697121534742
0.996461247257683	0.997706510496774	0.996789017945399	0.996339876944317
0.99790427767937	0.998098795263647	0.995975216863997	0.997986492563182
0.995821084687397	0.9921146893484	0.993007064394047	0.99433347556679
0.995342473313291	0.998366629334251	0.996449441355549	0.993660725355111
0.994244661657407	0.9963213399262	0.996380184955361	0.995672274991752
0.997382733106912	0.998444717730527	0.996247587069735	0.993460246483048
0.99837668505045	0.998217483676131	0.997775480509189	0.993216384721774
0.998425529250295	0.996288744492166	0.995267310496565	0.994505636371933
0.996554762781156	0.998756061467138	0.995362024132817	0.994258041894809
0.996458843038132	0.994778045003209	0.997813995242428	0.995888025200998
0.997777086113482	0.997297738834076	0.998319162172687	0.995447336227389
0.998865753669877	0.994837924020803	0.997637314559784	0.996216953723403
0.998166465211284	0.997470097046803	0.996259962753078	0.998634948433237
0.997595931120923	0.997864832055478	0.996479968340179	0.996630979141543
0.994495266691	0.997166114161862	0.992210615518425	0.994493256634667
0.998392428428068	0.999133339521759	0.998158006578362	0.997280885526282
0.995613541644545	0.989951525812329	0.99907900848145	0.990113236818
0.994529887605696	0.997900797944024	0.992712785456595	0.997630930524889
0.992202633101348	0.994747227021201	0.994323202004889	0.99856471714541
0.993569372657148	0.999176406795946	0.994286345283597	0.996831303292694
0.997504184201296	0.997310802678084	0.993743657954094	0.99670499859842
0.993975301171514	0.99709928869629	0.998604666696462	0.997262525019793
0.996015781032182	0.997753360725538	0.997869787194923	0.990127499196091
0.993325251696328	0.998748564298887	0.997303780431776	0.99605155339627
0.99347943691226	0.992505086004627	0.998698699305025	0.998946049960649
0.994688749905317	0.998116560847184	0.996562263252459	0.99875205849916
0.990395971322197	0.995904003168539	0.997093015056393	0.996622068480662
0.997609446741403	0.996899939680412	0.999197901057401	0.998845391569659
0.996439010661396	0.997952777936809	0.998127662216363	0.990881969685309
0.992125714737821	0.9926432596346	0.993345224156108	0.992341105421096
0.997348408528256	0.994563471358011	0.996161341087446	0.995461635327136
0.997179009338039	0.997116894490357	0.998565073406048	0.993210989054561
0.997467176696406	0.997183724582646	0.994683326354935	0.996515292090243
0.996967339246588	0.994269525633024	0.995539221646355	0.998266704138931
0.994250773989956	0.997933026347346	0.989582155591188	0.99775417623401
0.996534979383677	0.997600610755652	0.995838845290454	0.997816078436628
0.991017220554065	0.993136331899602	0.998018037664184	0.986644134466529
0.997980886975443	0.997298674584184	0.99581731180968	0.996203293670849
0.996205454072443	0.998086950755304	0.996757494910332	0.996372910792382
0.995612229094457	0.997114780897939	0.99604492100953	0.998356997729567
0.996396697446943	0.99333247877003	0.99376660666395	0.997949789064462
0.99770332778375	0.993062453714803	0.991961978368545	0.990002250278138
0.995884984627596	0.993827298853059	0.993207958836898	0.995596355445316
0.997788819332141	0.992293191320209	0.99331296236437	0.993655336572031
0.995661439178454	0.99824987688536	0.998390907924191	0.988880393476107
0.997303736390801	0.996147687246055	0.990002253523367	0.995316784971665
0.994347264143737	0.994680500552455	0.994328794022191	0.996599820635937
0.998556995481253	0.998130562639576	0.997414511008351	0.99873254345986
0.997118874597201	0.994810284279675	0.991854293539964	0.993828205758275
