0.959800445666313	0.972985420590588	0.957526512140222	0.96924893237391
0.960574540640286	0.964487422759583	0.959396776107103	0.95706570955579
0.94275662083478	0.960954271640188	0.948093764141538	0.979471863473716
0.876808863680346	0.981482806967043	0.972036276154119	0.9865344488968
0.957359564761367	0.946540897390667	0.954010273372437	0.89056088504303
0.98128132105423	0.944240309933775	0.97977609608288	0.945292839050918
0.966510047577708	0.981431533909668	0.978106567558417	0.954830091075642
0.97106171426826	0.974423438811296	0.976872229796092	0.993159812938632
0.963671684914684	0.955247494367281	0.978735101359092	0.976094831929889
0.97851939362071	0.980507937718715	0.978212609763827	0.969374703368156
0.97610534832428	0.984093068541195	0.966711501820853	0.947728755453396
0.97625181101198	0.984454304986226	0.992687646690704	0.963114288365278
0.96833598579987	0.979413473604292	0.964814036576824	0.988006182304863
0.969258471562486	0.956215925645214	0.963658764941755	0.982538277568806
0.974334982632045	0.947410788803336	0.953889860881506	0.972372903431149
0.993059813523381	0.981595239315424	0.97872991177958	0.924502374576733
0.965666192625873	0.968262335266161	0.967802213625381	0.9349131454115
0.983800856705817	0.977425132877327	0.987561278886034	0.972141409281932
0.968891330047873	0.958084330249174	0.970134252846226	0.929031931810894
0.983840384239766	0.979130831134112	0.980811182707207	0.966159379702271
0.988784288521192	0.987543502699378	0.906821947681765	0.98643228232282
0.995807545228185	0.984031906005785	0.965704645122598	0.989655824467244
0.954223563082113	0.421374825999286	0.877612819249373	0.987550416463806
0.983688905263192	0.927640999920156	0.960854752163613	0.971149799533841
0.978718723991056	0.923613303467837	0.972225832989234	0.958817398580528
0.955507434361186	0.975377640335121	0.95641875539311	0.993480378602519
0.980000339215901	0.972998904087579	0.969583408711336	0.950257388425083
0.988397575312032	0.963948287824102	0.923503767449659	0.986421655129455
0.922360754805794	0.984288700830988	0.970140935962692	0.95992398655483
0.990618127508463	0.948746334789639	0.962098468051563	0.957904530655247
0.977168841706873	0.977861390400229	0.955433606127174	0.936152191760906
0.980258537915617	0.954192791087785	0.964255309143125	0.98582027701211
0.978317653900886	0.931034592240162	0.968208004744372	0.970763342182616
0.951041461344511	0.9455536700132	0.992330954425348	0.949251030021778
0.96486488070488	0.920026871537247	0.959958940131206	0.9841462042564
0.981586222658348	0.964205223706499	0.894791347747422	0.96892079020463
0.973738902666322	0.925598685482058	0.98388345053961	0.93072581720945
0.988864582273639	0.976414986297972	0.99492956443965	0.984387450302366
0.937049523187539	0.970746791202018	0.782374832685355	0.977477942927138
0.976227157849259	0.977406933889213	0.979343533671929	0.965435311974768
0.973143236232261	0.955123710477115	0.978250886724478	0.951861217152954
0.976275885740843	0.96657312305312	0.924266878831993	0.98150489776394
0.961341838831516	0.964760693605473	0.97328137692016	0.980534171248633
0.994497152220054	0.987879126984019	0.970796924350451	0.956639503608511
0.988892613019218	0.986771731563918	0.970339279018728	0.983346985791343
0.981233066719594	0.984331978301886	0.98077571793322	0.99280587421508
0.971788719547165	0.989711177670346	0.98494279258149	0.9135344989089
0.981390342621044	0.984265952787778	0.976749975953937	0.969462824182484
0.970783611624018	0.983464352395202	0.946626676955523	0.981244811045688
0.952098521868842	0.982771590439677	0.967878651968715	0.901434016086393
0.939687158419863	0.923531735383318	0.969938203319282	0.926592741533827
0.916814238930302	0.981282230424489	0.978973981046241	0.983830050029294
0.979583496486631	0.949050920167304	0.977159661070939	0.962782482994585
0.965050347602236	0.981406399487182	0.959231499634931	0.989500334765422
0.977447601622874	0.940697045685725	0.973686352641945	0.980352421920143
0.956783358800731	0.986458948015687	0.977836552337423	0.966537142773657
0.985805715653273	0.915639854771721	0.97144073770928	0.969455200382959
0.9462901750141	0.981541115451472	0.993048472627783	0.986804119999031
0.977853839430179	0.981896224566237	0.864750917965392	0.951956271431168
0.957526387834227	0.972949931140457	0.979300895015334	0.973616288487
0.979208496685657	0.959840997317561	0.959328447499389	0.929021614667035
0.98054031844764	0.976138065630253	0.981794296787732	0.985074107774644
0.969741958103962	0.974106567817976	0.955223565944193	0.972836317168452
0.941798634724774	0.958452400984013	0.94978725584569	0.981813206315486
0.922472968654616	0.953162284232125	0.989723752782938	0.936349071981588
0.988694252937612	0.967884824247122	0.921220655899649	0.983396328854467
0.971288360072157	0.897495366850778	0.965261146841604	0.98181381863027
0.984221836752835	0.989622725138421	0.972045428317545	0.980336721162263
0.934236024493619	0.987243080616683	0.961726225406058	0.974682296240766
0.981509140059427	0.977100447706633	0.976108620407519	0.96592279455378
0.959535336129476	0.951475583417183	0.974504807624236	0.967443425663746
0.89520892052498	0.973626183304998	0.985939422819399	0.972021768488272
0.985674897971454	0.964102131242631	0.966818137455129	0.975774168045857
0.984406578061543	0.952728741193056	0.970054844471149	0.967476836275261
0.985850910820927	0.978907841788665	0.935149718113733	0.966128671019172
0.965616118988881	0.978559786206078	0.984020216445148	0.971432637660956
0.984361770898012	0.981493454925906	0.957621500280071	0.989620191726077
0.966839744753745	0.978521296132868	0.963922763095692	0.992144166009896
0.99194853031983	0.975919917279273	0.975868077025647	0.958430000364073
0.989080266593522	0.975585510344109	0.967098547056666	0.966774095116248
0.975121220772468	0.971889961878534	0.928155100156405	0.917441084740157
0.977171132007338	0.993755630622035	0.972806745024737	0.982479854729722
0.921241814497414	0.955188235958193	0.970659617510946	0.968755500593974
0.940624644089621	0.988365219846587	0.97710351002684	0.983439459705378
0.963632802331633	0.96942499038768	0.985751093397649	0.949062600379019
0.968423591702159	0.985696098969009	0.971411957534292	0.963878674466711
0.979863834410748	0.934511320192059	0.993015948933218	0.992040253546791
0.98221657066476	0.964224174519156	0.975633301437473	0.968581698064496
0.9860431581831	0.984177965858729	0.977308826788625	0.978458848381429
0.951314467501099	0.95772595056108	0.969539376307337	0.986694895058599
0.954907945330022	0.94090863151346	0.979130536244653	0.970145202501822
0.975342989561698	0.962746403331845	0.995465853279099	0.888710115435313
0.976884725989685	0.976890530670409	0.959606661338618	0.982467143419896
0.952767849588727	0.986191185121766	0.978604769711122	0.986883031284546
0.936019713817801	0.968139727565141	0.970777110540356	0.980754688177381
0.957623089522757	0.907792447175453	0.988405707859774	0.983083253260128
0.983411417614856	0.980426263162767	0.977487173701096	0.985346233206442
0.951448513027762	0.964745872553691	0.965589166704593	0.987418569824359
0.974876202057716	0.972469413783241	0.955758164747483	0.908041648605848
0.958670979607109	0.95900299638723	0.965973067768897	0.966007927556006
