0.98154132311435	0.976903589225455	0.988697439361146	0.985620024399563
0.990322995326289	0.968763394898112	0.997749657059056	0.985756346457199
0.984895256120415	0.961655638305943	0.990937054897051	0.997257678705811
0.985286252543172	0.970852788685125	0.97148571341965	0.984527239427261
0.967724640484474	0.98506999652326	0.981645490329125	0.958650549681501
0.989555930186538	0.997017739468678	0.978237645835346	0.97556376820106
0.971722692115986	0.972263928344872	0.996175488600375	0.969280709390786
0.988098238889498	0.963276376225128	0.984412306685849	0.985674788357163
0.991235508993714	0.978485554752985	0.982570016865587	0.964845126318865
0.988285983645799	0.985518738130778	0.989594831582098	0.973077144548937
0.995841271673255	0.968888590675591	0.996632087808957	0.981638097145324
0.983777249073618	0.980305447727384	0.994399975480887	0.979583480875772
0.993581273913657	0.98367241102165	0.975835626833561	0.978471542835363
0.988599699101594	0.979692568233469	0.99284598900523	0.98562104833873
0.98864721097393	0.991341331798063	0.989428041513847	0.985857425340585
0.98715974111817	0.98749000940449	0.981147567499255	0.985111569084872
0.985770349413935	0.996185867071365	0.980823894434589	0.982257168132446
0.984553485540695	0.990139763021125	0.959906209327138	0.988078448555428
0.989217103312328	0.986792992115662	0.989403708514575	0.979093795602227
0.987218111536372	0.990645373010575	0.972370908048245	0.98832459910286
0.992276240736503	0.990626004213564	0.985177391258443	0.976821535202106
0.992315913163002	0.956136099309517	0.995247108124299	0.976948616747343
0.983745603718226	0.966518865404666	0.975743613672489	0.968157530028582
0.98214064080926	0.994492387473317	0.985452354844167	0.980281927097416
0.985258448588983	0.996275866184421	0.977735460937303	0.979030447241246
0.982549170601188	0.966848156084551	0.977488736770647	0.991824234386594
0.954904141376585	0.98314218622032	0.96302124783048	0.988569229738297
0.993774415837417	0.987427778724615	0.991788963179167	0.975803811805181
0.974531802040718	0.99147559092465	0.974868814207655	0.953080412134026
0.981585648275511	0.986721325715833	0.988205572489946	0.985593649694403
0.989748586412004	0.980232885558982	0.976860704410749	0.987119133389968
0.980515632721441	0.991714101023718	0.984476669511109	0.982327197169129
0.996647872342969	0.993032515645863	0.987462356478151	0.989627371608532
0.979938912098017	0.986663776589848	0.980501489944127	0.983613261654302
0.944531778346836	0.992293649819352	0.978091918119168	0.964628633501459
0.989288153924787	0.97366295649888	0.987069203881212	0.991916515839085
0.975464977705285	0.977361008368438	0.947494115248338	0.974566961801761
0.978599255861551	0.989946209911965	0.973889748381477	0.989058480319735
0.988186034813955	0.983409823496244	0.989887033851375	0.990957931665393
0.986569952132766	0.987686465016318	0.981829250683158	0.959585115721535
0.986192430986282	0.975526627731675	0.98817196704617	0.967113475438711
0.982481383803119	0.98958345314791	0.962519314158177	0.986888469738274
0.985686868337785	0.98942243407849	0.987379951426967	0.993439011334921
0.979717687381513	0.97750408578761	0.995633959253418	0.974860342235351
0.994281294765017	0.989927226520101	0.986844104988375	0.990999200485579
0.982819382552021	0.95988142538201	0.989944197021064	0.987724972596299
0.973898951721939	0.971207550039247	0.987411700797203	0.9872298416968
0.976992589347911	0.985092245140316	0.965400859539811	0.971600797216612
0.977922980614844	0.992330222992197	0.963810736947094	0.971648562725604
0.988731983062544	0.987541600602663	0.988037983377385	0.97319635412822
0.988043475983927	0.977064194715683	0.988074462966749	0.991741665252291
0.969855170711024	0.977853788126708	0.968148584159654	0.995876625224997
0.992025279335872	0.967913729128476	0.973237126311139	0.973563648914914
0.965376312591108	0.98955788793893	0.992843164783301	0.98300646165629
0.967112076557893	0.981739328925401	0.966227598646105	0.992803121853784
0.995652083110169	0.984798759507664	0.988578142556951	0.982937435902163
0.976987353191961	0.986732892533243	0.974394642972867	0.920155441093779
0.985271627734449	0.974095178453238	0.989262545940739	0.991020297952147
0.986059557649332	0.986132041199589	0.995641881810446	0.976399679094897
0.967675571170575	0.988366477675323	0.976064208422041	0.985032621723306
0.995849458317569	0.976320603342885	0.989690581637267	0.97968071009124
0.990318864374615	0.990964664707789	0.983161064060227	0.957040329989931
0.983732027750594	0.993922631796721	0.977371025528769	0.985669203239502
0.980281592906409	0.969081386599692	0.98486611682163	0.99375293054593
0.983198768701367	0.993567569310546	0.978250599724527	0.989406706826422
0.969011764252704	0.986907552630977	0.990375915666902	0.981482481213527
0.991738609603085	0.994742896463694	0.983557383198873	0.991125260218132
0.984154297093132	0.989504402198173	0.984176385830102	0.981314584438185
0.996695251844355	0.98889133594135	0.984256077933768	0.972983866767123
0.982262154985455	0.991777126787945	0.993897503752229	0.959929139770116
0.983794573284252	0.983776716509284	0.986758273700559	0.969327460109991
0.981889969857034	0.987717335623466	0.985588585742825	0.963058187179464
0.986819827903766	0.973392983526741	0.992778093954495	0.950639499192778
0.992218947145186	0.947246134776006	0.99433065063974	0.986952057147032
0.994927721083525	0.978426771222516	0.955738597540835	0.992584093445832
0.97978353188091	0.990801273727256	0.991082762719639	0.993070638066308
0.978952973393114	0.98954971656319	0.991003824692637	0.96281210920824
0.969039990181561	0.99200360792548	0.987741093451105	0.985356042134484
0.983649507989566	0.988175984099613	0.976806184061341	0.98853496293529
0.984051765389566	0.996791737820482	0.976275620647952	0.965925494246469
0.984827167119872	0.950984841507409	0.971819264692256	0.998384062297388
0.983622193232868	0.988290127130795	0.976465703672363	0.988693402643239
0.99512327960153	0.984540944065885	0.985975172769878	0.984496174294829
0.961356189261294	0.992570029177674	0.984527285059519	0.973276233482091
0.991158251081153	0.977827138459724	0.988797279117187	0.969289228328067
0.975332857680987	0.994081830426555	0.992796480999137	0.986152349853167
0.990425769666941	0.97436985802784	0.968613292779097	0.990610563060956
0.980007543591749	0.971668194771565	0.983200735563174	0.994310517645793
0.989483812555115	0.996001191774549	0.981049086789274	0.983916153756217
0.988402922699477	0.960875398129544	0.993406333343349	0.987084573604477
0.970090594008051	0.987510564789827	0.988898809393481	0.993714903344814
0.991164893438107	0.988452902922425	0.988270932741733	0.987665566401916
0.974392165307259	0.966385332702002	0.97048982340978	0.994362847581681
0.981162773709384	0.989339920538779	0.996129711504449	0.981592913895483
0.988621753600394	0.98212092767425	0.974033292709232	0.99225849862393
0.985768809012169	0.964863772062889	0.984140435670023	0.980372400739684
0.98013861456295	0.99191211759279	0.976275958711312	0.982183192761325
0.994019711689213	0.980835897697945	0.993841858273766	0.983093032826528
0.986325085684399	0.97760827842886	0.986154977122418	0.967268845548826
0.990793125148814	0.986404426702771	0.986210468459523	0.985750107405583
