0.98627118155462	0.985765263844447	0.991301937577875	0.995432652114309
0.992562597005076	0.997007299258872	0.983000167844204	0.997951577621887
0.998109418496684	0.9944499358979	0.974780190503185	0.985969168882037
0.995737568470679	0.97548499225465	0.983024955602647	0.995684573772272
0.982946384098021	0.991050378254652	0.991805899307291	0.987750142235468
0.995916118076934	0.994014905470238	0.991715616840095	0.98385167140598
0.995751930061669	0.991947945973415	0.980440579727239	0.996318619444485
0.981753871507159	0.994033809673781	0.995117458791233	0.995228164673961
0.996242454776862	0.991267381891543	0.9887744861083	0.989814328565272
0.992079344082658	0.994853759515763	0.982516275636482	0.995368789728426
0.99239372369016	0.983746194324972	0.990986429693203	0.979276850491905
0.989502044418197	0.993170646828585	0.986406583010319	0.992896537334849
0.993673690627706	0.97563904674562	0.995649276793332	0.983070077963814
0.993462335983134	0.996469895233882	0.992433361111488	0.994190522128756
0.998453709936899	0.992594297469633	0.992947432958678	0.996386343345602
0.987021054069762	0.989167790950325	0.993096033381129	0.987357127269904
0.98929999977863	0.995113979761814	0.994205212316835	0.994722445960882
0.983274182901908	0.992714508715728	0.99386448559982	0.997956450139627
0.99674184311851	0.996076695362733	0.997036346480537	0.99447628596822
0.992865102291905	0.991934193620698	0.994839934443803	0.989428241404534
0.995811101299264	0.996893959748284	0.993851275601021	0.996444645136598
0.994805507624674	0.988824083968719	0.996122564142924	0.994481609104426
0.986334798869538	0.995799819718821	0.993621362703866	0.989791553700455
0.992086653251991	0.995380405873297	0.995104289655676	0.993968741269673
0.992477373541398	0.994215241965903	0.996311064590085	0.995259871941167
0.988997538699088	0.994576218139357	0.991886942787272	0.985641333031354
0.996205423524304	0.99462132337558	0.99187483997548	0.986600638513826
0.987226546710165	0.979475911320726	0.991223766394364	0.983525375925168
0.992401418231971	0.986477365679701	0.992410234090298	0.987440141498747
0.996775248418463	0.995655872393766	0.993898601656042	0.987470845468652
0.991089733201464	0.99380538008677	0.994279365023008	0.994187886360579
0.98508482039465	0.991861973429375	0.998005145593807	0.996803664815501
0.965708241781379	0.996409292092275	0.996733243153169	0.994370989577615
0.995856948644646	0.991069081602193	0.994517460980601	0.979103071907223
0.988880971973102	0.997036118874459	0.99205924206138	0.99083370672653
0.990506871699872	0.991454704859311	0.994460666448682	0.990033821916278
0.992306410943657	0.985560516905445	0.990474464111578	0.979782450283167
0.994297146859655	0.996690112283349	0.985007204002251	0.994424303162889
0.995721301628335	0.988886265567734	0.989849690879294	0.99622886150135
0.993315087357609	0.983186062677269	0.987735573339942	0.997022999277127
0.992557105761227	0.996414648949503	0.983561696866391	0.9872707401486
0.991667455894657	0.994132967680186	0.990349166325076	0.983406123243563
0.994794849306098	0.983674442522473	0.996061907099957	0.996418780562674
0.978046247413354	0.989622432491452	0.986073163655559	0.973248438924833
0.995920482850727	0.982590291834861	0.994858703041472	0.994831933843544
0.994408915702003	0.993092521354905	0.996542130888039	0.991740192112498
0.99639766001386	0.98450563616236	0.987192274503517	0.985178784643938
0.985883755352468	0.991467065136387	0.994130832240595	0.998431917100402
0.984816260510728	0.990564673569171	0.99409724015778	0.992459460892248
0.973058896952427	0.993869303903055	0.994583643850087	0.990577130880378
0.987969483984854	0.990063032755218	0.990029194509585	0.989791016575502
0.988277675646541	0.995351935692155	0.992925330958343	0.992497867721878
0.995234957783775	0.998494934511373	0.995141087449907	0.992467642955427
0.994551046342337	0.971241756121519	0.989706183870369	0.995128377849972
0.977838366250269	0.993895419570952	0.988886747352782	0.995998603392997
0.994294100677913	0.993656897831451	0.998083738228187	0.992696695143392
0.996264388956491	0.983008352943392	0.99587904243873	0.985491637113483
0.998342299031757	0.974105185030681	0.990274608072256	0.997278300272307
0.99146956220301	0.994753238905671	0.989736329824842	0.98270611855716
0.98792141310012	0.987331583470901	0.989151972245091	0.984009793043856
0.993175791801454	0.994609329525042	0.990350824600662	0.994958433180904
0.996792074224786	0.992183680061989	0.992743292516154	0.990567253311226
0.995867550552848	0.986229505071158	0.996107307009036	0.993598489306169
0.996598746197299	0.977226513287546	0.992612122137548	0.996023531409407
0.988951828952244	0.995508851560712	0.997098338081783	0.98893586129057
0.992252465250046	0.99600343529238	0.996320978164327	0.98600298997794
0.992716279502527	0.983808007185687	0.996026879405126	0.993925235444332
0.992039213981595	0.99561575586824	0.994462170024492	0.994616671000673
0.987536281648489	0.996051572359258	0.984972549580342	0.994597304484625
0.992721599764628	0.988407313695827	0.992121357412777	0.993523341815841
0.996440925314919	0.995450513505865	0.994369909460988	0.992386426308707
0.997976544061298	0.993473295110581	0.993922424389517	0.990846157984442
0.986944192327186	0.994854827805542	0.970257096574179	0.993926369448177
0.995329591850659	0.993878018665139	0.994639979995506	0.990621643472768
0.996224401094794	0.991017722637606	0.991855529233662	0.992017265620194
0.987914822128745	0.986170711674255	0.998596970687601	0.995663947138048
0.99123125953599	0.989716848891486	0.988678360375578	0.979567591956511
0.988715271954086	0.979967517383842	0.979012599538948	0.988011363257737
0.99409140230246	0.991426020024553	0.987483167647313	0.994508715934574
0.996586510970114	0.993838178906708	0.994059438205426	0.995915863392896
0.997639668470002	0.984591569096594	0.988788441609817	0.99069293019306
0.992510521721303	0.997725216458471	0.983098907406571	0.993171678604801
0.990846573616469	0.989999191305647	0.995825065299345	0.996295893961862
0.988623085588114	0.99783739054427	0.996028688738425	0.984334427749907
0.997511465980229	0.983226442189839	0.993327191262073	0.994759413250256
0.991742422961308	0.994837985803265	0.975939151688368	0.988041359446456
0.992355431458692	0.991432790302803	0.98630822747739	0.988808955468503
0.993382757574942	0.995359063546865	0.988960716863677	0.991807357442997
0.990737208202461	0.993162102851138	0.990011630351852	0.983162103256799
0.979818489515523	0.991147363208503	0.99605768590962	0.995626067198106
0.992049485640696	0.994854798905394	0.991827582806537	0.992853596400937
0.991978800739106	0.988069835130958	0.974931475750846	0.995985980734179
0.98692437825602	0.985047493277321	0.993752471677333	0.991281402139819
0.997194541644705	0.984073666052301	0.992949768967343	0.997674562147256
0.995842792176282	0.995593103679955	0.997751934973108	0.995746160780172
0.997448785085177	0.997918936873004	0.994827707624097	0.98785094039613
0.990988725186472	0.99679992107378	0.98680161185404	0.995861719974092
0.997271356817317	0.985958219489458	0.995474932096979	0.994913076534594
0.988796785140007	0.996749689645522	0.99821900284218	0.98690124877663
0.993990798058637	0.995819584754815	0.991753968052301	0.982108260799077
