0.993460364818193	0.985821545232624	0.985805958065804	0.989143208646369
0.990925623074691	0.988005994336725	0.993072357744361	0.99615934749633
0.994277739892564	0.993761563740512	0.984127828714335	0.997617481220225
0.992634687578183	0.99062852822348	0.993455869310624	0.989848910609479
0.989835455289844	0.993389789028383	0.987334455129254	0.99084492120034
0.995630704000756	0.990280583347433	0.987287554604319	0.992724570145348
0.981360851338257	0.993324731154127	0.993390770929872	0.947906779142554
0.996017420919063	0.991469413670136	0.985842409358851	0.992593556028943
0.991086600711418	0.985511504320078	0.993888688492332	0.988107334349727
0.990945347092178	0.996748932914137	0.996508675467332	0.992005135576023
0.986014366154847	0.991989410844747	0.986673605717754	0.994150568267166
0.997308266040671	0.988338821579359	0.982776027644327	0.99016207836098
0.98792402611428	0.994299172168684	0.993789916022752	0.99219156075684
0.993568865053052	0.989036056401172	0.996721147638922	0.996214732966306
0.970547084841436	0.976615622000716	0.998067112575457	0.99035418800778
0.982254455630714	0.988322626125934	0.98829854046797	0.992933916869818
0.985758789656986	0.990504770057612	0.9890648382021	0.992124681483726
0.971346555937913	0.983753553376402	0.989234814602622	0.991821803188025
0.992794113986036	0.986724389225122	0.991980535774887	0.995304565989058
0.986534658977975	0.996232033126259	0.988813012292101	0.99693026404572
0.997054271227832	0.987676133921668	0.996442040801041	0.99328710720751
0.9942487411702	0.991232851637006	0.994528184174527	0.994546916373324
0.985916870951871	0.993617786015054	0.995773074821037	0.995519357762358
0.992111400474111	0.997658852834594	0.995812404960248	0.992529903703353
0.997229581185169	0.99870991531693	0.990123594266815	0.989519014977245
0.990378089288095	0.99038581544439	0.977138481721654	0.991922430756312
0.996726934415404	0.995942346141023	0.980766596679642	0.995068302320061
0.99626451144471	0.995718501077266	0.992162112443474	0.988216396828014
0.995721171701116	0.984581897674529	0.993528866282451	0.995710840646188
0.987451591988196	0.983888932473204	0.993603153326666	0.991599448871653
0.984553192415262	0.996205925647867	0.994304732627062	0.97718889153271
0.992829221271149	0.982834512092263	0.984519885788566	0.986689073704693
0.991878542143569	0.990628219514775	0.996092209786975	0.989527611944942
0.992039098976571	0.997240903091756	0.991646421024667	0.986609985046473
0.966687532794032	0.974990052226785	0.994845043206295	0.992322835891694
0.991575357293214	0.990934678246032	0.994599255056573	0.990205657246689
0.989492374937654	0.996486027067453	0.987269684894038	0.996490040235904
0.994933589622628	0.993234464417635	0.997081997484962	0.993916754244651
0.992922422584739	0.99379901025114	0.998344130606094	0.989568030631273
0.993981411131935	0.983097858706676	0.975553931434632	0.990001501858579
0.991126532887272	0.982596106689929	0.995695853016339	0.986131312258828
0.995391168601778	0.989921231640925	0.983676550236271	0.992855059572668
0.998002937202926	0.981429093015704	0.992605795041484	0.990701061270381
0.993271365415066	0.994682911233785	0.987751032345775	0.9892089362872
0.989803113712873	0.974668538845422	0.989601704438299	0.994044610412569
0.986668907158386	0.994922766953559	0.985872710551527	0.995049385334078
0.974072558584086	0.983091187926238	0.990395429780249	0.989172418502545
0.991107452398642	0.990634417840421	0.995600719388884	0.991241322165855
0.99202461620089	0.987226846412148	0.994794335524604	0.974623306342524
0.992638773252205	0.984148649267647	0.99704203726363	0.986845825361909
0.996580471072474	0.997770781747144	0.990610654996904	0.993399676944641
0.989093863810157	0.992559324899422	0.990390750625505	0.993248127685402
0.99015420998096	0.990559287948487	0.994029306463918	0.986014637709563
0.990622370762987	0.982931947930114	0.99174021278571	0.998335249822716
0.992815965983176	0.990144155760921	0.993299481154879	0.994891744875908
0.991280570839275	0.993865933137913	0.996837893715801	0.980800851464771
0.990663121892526	0.993707485295997	0.992258917410003	0.988293702529443
0.996843051823019	0.99809151799695	0.992303909658414	0.990351280994081
0.990571450954145	0.989929655861127	0.994753354007902	0.997206316401265
0.992449432106339	0.983557021614127	0.99023496110953	0.944891042098522
0.998074927881865	0.976579526320864	0.973706020023048	0.992786711812098
0.993141571131235	0.993601607437941	0.992372346223866	0.988229018480557
0.984290923294848	0.991545474472677	0.991504655885634	0.968761966519894
0.984828706887662	0.998463662209022	0.99447018064303	0.989254814393412
0.997699580861931	0.988790029671229	0.995658400606272	0.994502081336282
0.983810053987488	0.991462695968293	0.993737688498152	0.995997221980228
0.996551385218936	0.993080366746202	0.998096091952942	0.99201763994954
0.993420341313366	0.99739262221178	0.995523064273456	0.998349755650502
0.993107062955124	0.993911230116746	0.978250096806286	0.991200985907123
0.988952171945773	0.98333966967219	0.992150415890362	0.988735616023655
0.990797447040078	0.984814965728836	0.985217561165258	0.995148421555961
0.979661821591145	0.984390841195524	0.991192844964115	0.995298261515287
0.98639159789135	0.980923885143885	0.982587892272454	0.993872406837896
0.99664117645704	0.992618332279305	0.985423830425138	0.994319227233358
0.992188087742679	0.994568605555282	0.994555540139225	0.995114769191227
0.990632802738481	0.996235483334304	0.994719858264738	0.987941859190134
0.985110202407355	0.990155932366015	0.984075412373261	0.995956369217015
0.997212681392204	0.994682189928072	0.995524160553228	0.994508505066143
0.993062770749532	0.99493274226961	0.98385568176686	0.984248176229271
0.993042800190931	0.992454021176546	0.989274401804524	0.997697522233548
0.994821646769324	0.996917818126216	0.989863301140893	0.994722981392831
0.992308957417825	0.994318238313379	0.989931209618068	0.991100039519306
0.988135701767325	0.991396757379269	0.977297819163979	0.992866173699359
0.995321425804865	0.988427141932172	0.993041191436626	0.994776261960225
0.999143758254744	0.998171005999955	0.991312504731629	0.990896421511013
0.987240796458698	0.993414845431511	0.973432540686232	0.998231894229505
0.994861104016864	0.99826915616328	0.961558081661865	0.99091999004612
0.994363241051796	0.974810928296771	0.988874015981662	0.995262735471298
0.994695647671394	0.989717843013792	0.993163793084829	0.993500679016011
0.989874470467471	0.994141326573408	0.978656091214252	0.984280976352613
0.964811682175984	0.98353698596097	0.984220790514963	0.995963694121068
0.996221862328684	0.987458864372837	0.978432478709456	0.997034038241416
0.996529800897389	0.986505239367371	0.992787892397913	0.99016887930972
0.992408590631861	0.971135472726442	0.981946866104919	0.996930057432005
0.988367822376601	0.993939297743672	0.987436144840376	0.993570464228242
0.994005579335336	0.99622766896358	0.997161573394765	0.991417313333022
0.991072102767041	0.992800651567533	0.995304061948694	0.995459690669423
0.991043891249413	0.994709715783501	0.995581986429402	0.99696851860523
0.987056442469932	0.991045904842339	0.98587748165072	0.994374116592101
0.991963665686088	0.985540754166859	0.996311905481044	0.992213062898128
