0.977643397487982	0.880569638008819	0.845834715174979	0.954201771322765
0.8864491895115	0.936327049024651	0.863637826909301	0.981749724655482
0.972615891842479	0.947270325199732	0.971349214209528	0.936823944604077
0.95252670997468	0.868070194974263	0.868202374309616	0.966428138541803
0.913484116034783	0.968656938727976	0.972237707617656	0.968854297892803
0.743435885938192	0.989911836321963	0.896119441352924	0.975261250095127
0.929370943266771	0.96898515122282	0.97486170696042	0.977053100699472
0.848280028075089	0.915255499128028	0.956979093182659	0.94606516261539
0.909097685057028	0.961314212251431	0.920625374904735	0.68647098111317
0.954473935449377	0.872086963633484	0.855683989120332	0.8639570600105
0.965523775699435	0.976306414697986	0.963581162973856	0.957804785443491
0.951796269665071	0.897114808199901	0.96781456624533	0.94105600784349
0.89835391410236	0.988660356241141	0.97366777528308	0.924435996795825
0.975294254003528	0.951496585449104	0.906338755594396	0.931862775685807
0.901047415269422	0.927230334507387	0.873052657938155	0.907672343294088
0.907890357410738	0.932983121522591	0.956855598125469	0.933677989938206
0.965477699099564	0.94669446697334	0.967336370867198	0.985022632927837
0.966774962587043	0.905726929595237	0.906306094303762	0.969020960800201
0.892606290231501	0.875880147658367	0.820004621615047	0.674159003573256
0.981701321658259	0.967950552043314	0.981130002868517	0.972647759855633
0.960516783067976	0.890792027907126	0.955558660873766	0.928145402734335
0.959830216932917	0.966453996845629	0.9571416311846	0.97620551605979
0.957587270101014	0.954172163391192	0.976891825559956	0.905568744579271
0.975762961375345	0.950461562028151	0.977596909925195	0.921864454314412
0.966516860644815	0.966950796711683	0.93939773075263	0.937573931767575
0.968343734702986	0.989046003482802	0.932119337885881	0.961372594640207
0.932995685943918	0.974972142027911	0.948663000584754	0.959091177338675
0.935258032876336	0.960659795667265	0.982856844129808	0.928138876565678
0.935864884863326	0.978862409330169	0.960210735232385	0.97605581564741
0.922735350196478	0.844345248792715	0.972542213048444	0.941117734471467
0.991809677978676	0.968579218409529	0.989115900610434	0.954955289713886
0.963390835132341	0.943824976093485	0.936165768984205	0.968690585844818
0.977057061340355	0.942327634843504	0.980434551985286	0.916605162632807
0.922432431764833	0.958076961915916	0.921109023703698	0.972896776353812
0.977555273170825	0.990507558492361	0.964925326515113	0.963033243592019
0.722480484772458	0.952846245726847	0.889537875687376	0.775420355556289
0.96756314977714	0.966061211974123	0.992360766738184	0.977216750688015
0.961210980977638	0.930463669535077	0.975701029506141	0.978657984725469
0.95508337051564	0.832158899864992	0.942579033912307	0.961883324913081
0.936009260391894	0.87795727124678	0.978303103338006	0.942795360483168
0.937791531234086	0.97886532852309	0.9836371273696	0.904896020591121
0.936323071434726	0.98278428832126	0.868949537049767	0.985286005195236
0.97753810917377	0.940169688216655	0.968670262451149	0.987494491881642
0.961235861848898	0.9580541437498	0.950203548131092	0.951977085911749
0.972158945581253	0.968803614205975	0.959395990714933	0.918780801476381
0.97618411116666	0.972952887610196	0.947963060721238	0.896917040503803
0.98214900303479	0.9265785464229	0.973642079635205	0.950954576137407
0.881997663999704	0.970801326141886	0.966063816749136	0.943822816679666
0.973958473757097	0.954722811465255	0.984233668145005	0.989560176920209
0.962362968363095	0.892932173444162	0.879940045849936	0.608572899106719
0.955175131603072	0.972302993706045	0.974624502709796	0.978888148855745
0.832234404959997	0.951590255421971	0.879780858331353	0.826264483149628
0.97170803500763	0.890855728441951	0.949957608143122	0.972289484354766
0.93892580201462	0.967702266874716	0.970650038999783	0.93196286176194
0.955238892567921	0.975243782796245	0.971102445288988	0.923429508683721
0.959303608643904	0.918263257690991	0.966318642393231	0.904296845460908
0.970634645527805	0.969650794462394	0.971480995859653	0.957616529107869
0.941963532781795	0.966602821730603	0.97860464475938	0.975366343044226
0.89209607363121	0.969839595818123	0.945422028605005	0.969785697745559
0.979760673199366	0.934257722884159	0.881803700459813	0.922175819733781
0.959120500738282	0.878744222973874	0.889923029584436	0.951499080207691
0.93939640753131	0.978779028645125	0.965970842816736	0.977781512149549
0.921591333052183	0.908894577337719	0.94610297625844	0.960937329154944
0.976187391124015	0.971908289762895	0.968819678817294	0.988015302755778
0.951650876171232	0.918500503354957	0.972826575112214	0.9084507893355
0.884539744529247	0.973520988437924	0.944136119394136	0.966739771880509
0.965856810411947	0.972426945383665	0.93334099145362	0.960008319195543
0.988217378042146	0.912503620838914	0.94701400457581	0.960091437161967
0.967812991529991	0.965195604217656	0.963928609054758	0.974151006095088
0.98605261297757	0.972489813135976	0.91473534683301	0.942805571415901
0.974609217260277	0.964387193562838	0.973088278288315	0.975520307889482
0.866656743997379	0.975916349999674	0.97263320143327	0.967751891601399
0.863252832569333	0.971836804974215	0.963113035228689	0.957742714605702
0.932299628973379	0.983169394002431	0.964594633833118	0.939490184276224
0.950931533946613	0.974753548534517	0.961731810710653	0.963349364916943
0.949225127472618	0.917222490004666	0.991827796401404	0.919142252292768
0.981854260090647	0.967463137823701	0.987317655655299	0.974068682732204
0.976392876358712	0.947944740492907	0.929510485230028	0.943545401284575
0.981749056710081	0.915193288945085	0.982360314415659	0.903382258362588
0.963967375700193	0.943777078310619	0.847031688125899	0.940352292840878
0.98089900147017	0.940943721574819	0.847541407292715	0.952998894623813
0.873425106019815	0.979992688348434	0.974091948874405	0.968817717764197
0.988300036598295	0.948215526613976	0.9463378670253	0.971678293992488
0.986207179397459	0.949297160405971	0.953568431220313	0.962477858494022
0.947990367303723	0.885583980427079	0.923999731938171	0.933267220681379
0.970591955143126	0.912676922329795	0.973335590276963	0.968119402394103
0.91725383371482	0.938367416829337	0.986307186004942	0.967851807610309
0.975921460044234	0.923415431719982	0.952899674780293	0.950350266375399
0.888383177072543	0.981068053333121	0.98037034966989	0.969806350875461
0.868839166761019	0.907320514200806	0.920086447729337	0.976722564232073
0.956829543031596	0.966001120021235	0.953964055843637	0.98433051010663
0.984036711277201	0.884717472506685	0.481212160174983	0.800774808644553
0.942671489936634	0.960530596936639	0.958668298052682	0.973397647825428
0.986847016816191	0.950322877412906	0.976682653761967	0.955935918685338
0.88234742468016	0.958408059860651	0.972217847145176	0.940941784506089
0.964654736590561	0.974405433675987	0.950921059636321	0.942839370015301
0.952303172948252	0.965840842127083	0.981636500618208	0.963700462889522
0.88328798720224	0.805161333024061	0.949598674878366	0.960821475866499
0.880609736467195	0.97434228616306	0.911174311042215	0.924778462747679
0.918774073858334	0.981290081352405	0.860953920819707	0.897377033649317
