0.999180616271349	0.996836610104855	0.988865972869534	0.993011243810676
0.9975542023165	0.998035225371903	0.996740998284286	0.996962540506071
0.9985579980454	0.986946062715732	0.999020859592335	0.995855961221497
0.998630250706389	0.994797020061458	0.991012723194862	0.995858357483044
0.998550657001618	0.997919722030386	0.998012725069858	0.998084681722585
0.999292791275009	0.999552704913686	0.996561643510302	0.998438508556079
0.997431485094754	0.992254827713544	0.997809427455677	0.994641262889583
0.995134171336751	0.992311873931901	0.99691080402831	0.997769967123858
0.999068449858244	0.993333309921221	0.99819327142468	0.998291015639159
0.99922679196404	0.997979480396074	0.990642581632909	0.998330436326296
0.995450264412925	0.994270768488513	0.998474098933261	0.998592312489489
0.996633875621053	0.998573772878574	0.997373643216862	0.997256056048602
0.99287119421854	0.996862925008445	0.997645060919818	0.991801460555798
0.998112616598178	0.999144226396613	0.997987871692726	0.99737276200115
0.998100384600076	0.997333372089505	0.999797904561762	0.994460871601733
0.996096663786325	0.992641141544356	0.997141057633074	0.998816653110393
0.996503100198966	0.992071284398336	0.988871073013526	0.9986594099295
0.994170017074299	0.998496242450204	0.998842361885808	0.996736070511488
0.998502211695078	0.997799223098378	0.997974255569509	0.99944204248855
0.99062064324532	0.995200429437349	0.995849629400094	0.996764011175232
0.986660121793592	0.994017194626213	0.987803052476254	0.997677137106902
0.998461431047053	0.997902876844977	0.992753528952377	0.99921442930692
0.999207286073077	0.996860337608256	0.99546968687557	0.988952259191789
0.99935673773801	0.998528563625259	0.997681501689397	0.998133383201712
0.999649325757125	0.998652116472446	0.999669205095379	0.998161451998515
0.999426303464318	0.992141668906554	0.997510067374268	0.992829128656905
0.996952500161525	0.996904029084739	0.991943941359689	0.996850158066248
0.999026098867368	0.998160332759997	0.998162228283355	0.999296287966749
0.996516567194957	0.996577296033239	0.997100883494637	0.998679473523226
0.998570956327012	0.997960462772358	0.990485701657719	0.997172490619582
0.994834365069276	0.997438664155147	0.998351693775946	0.999102544549736
0.99930156627831	0.995936630715099	0.998747355997058	0.992691885283024
0.996260311602106	0.986855791823725	0.996175558445673	0.995496220737015
0.998320955916166	0.997920519500068	0.999212118268226	0.997511499685354
0.994173589251925	0.999063260561542	0.996020773504083	0.997795154379028
0.99972527201892	0.997094609265808	0.999178434256407	0.993704835102285
0.997965270134425	0.999137463316684	0.999656323664737	0.996875593243911
0.997873683540573	0.998649346883964	0.997814631183848	0.99766641483742
0.996673103081413	0.998027439982504	0.996014330609647	0.997776019126353
0.995193788230499	0.999846862301718	0.994345642013308	0.998154273253232
0.999351871125399	0.996883221216144	0.99612991622799	0.995591477641597
0.997674717896462	0.998558785083521	0.998361999827616	0.998029000579714
0.996526382335543	0.993756153281631	0.992545874357453	0.997132908315143
0.998169087048947	0.997847364963513	0.999020960285424	0.992756768383099
0.998290986036451	0.994044806337094	0.997934028272921	0.989516769212164
0.996748370759368	0.995481348228162	0.996144890005808	0.999232365117721
0.996641401542945	0.994253014036325	0.9920666167566	0.996477918124247
0.997301337827808	0.999148561327083	0.997336766775561	0.996018333540743
0.99742698872574	0.994975462482345	0.998945452747509	0.997665026484455
0.999000028059872	0.997962931695384	0.999073473068496	0.995627687849556
0.997993345561519	0.99709326924449	0.99878690751187	0.999475985589312
0.995056126964859	0.998194442375211	0.998894489774773	0.998810122863725
0.992719795872608	0.994486307213914	0.994405168215079	0.998029048568995
0.998239044717858	0.994084941409707	0.997559645702629	0.99500788286636
0.997999982832312	0.9996218108129	0.996223152342293	0.996605950130085
0.998803706897635	0.998746051760743	0.998519262903882	0.998337231985692
0.998348257979007	0.998450781639058	0.998046444408137	0.99758857769028
0.99727687843137	0.996441994870571	0.996091218681379	0.99682811659234
0.9977170533065	0.999169306861753	0.988597310927105	0.995212958143525
0.995351848099497	0.999570915178027	0.998508032109458	0.997365024776573
0.998113354354392	0.998813712850241	0.999005756513397	0.998138799258676
0.997259735334716	0.995515254383628	0.999278858759771	0.996009817975318
0.998866158226092	0.996938893270763	0.99912479426727	0.998553928671854
0.998070025189253	0.996934740606672	0.994953319331064	0.995713128826844
0.985634158858509	0.998913382762007	0.998814003434499	0.99734295137609
0.992352107088044	0.997502025712728	0.999023906157802	0.99721796610299
0.998410784898398	0.998032397345432	0.999004870008609	0.998312462958022
0.993918271351519	0.99809738201135	0.998688962928424	0.996089191756741
0.999602200026957	0.999095890480823	0.994447924097454	0.997020357243606
0.994592631687444	0.993546380925225	0.994640976320265	0.998314887913357
0.993391549767086	0.994742653467436	0.993295376421106	0.997621786927427
0.999060382603775	0.998550507012349	0.99937432437552	0.993920068915826
0.996665801824106	0.990633232763463	0.9982397313715	0.997547713529136
0.998172504197575	0.986442801285545	0.998812195503144	0.997466715352942
0.999301422974778	0.998873945992226	0.996138888018006	0.996331841415135
0.998548250488051	0.996500285533642	0.992414263253323	0.992473791650233
0.997927173170553	0.996360507883396	0.996846877714175	0.997304927431786
0.982640424880431	0.997599558811896	0.996224416631431	0.997774710626747
0.997059570521472	0.99488825982686	0.999698043169375	0.994231091634304
0.996928660854847	0.998244617679854	0.996629941152255	0.99498946534008
0.99839479513414	0.994286213089495	0.997740285715451	0.998406501439404
0.998143472963818	0.99910690863056	0.998402940580894	0.999383581413899
0.997013341913914	0.997945286466558	0.997894477457604	0.998816574221924
0.99216228760405	0.99882731365167	0.994655992596831	0.998613665256839
0.99711319083489	0.995091790993182	0.993397481613357	0.997149060221631
0.996542486969304	0.996299684252409	0.999256362106195	0.998936243340924
0.998313578468396	0.996754890009993	0.996675573179205	0.993903494380504
0.997684699470158	0.995894245587346	0.999558208542275	0.996483971454096
0.999103822912541	0.996111616833527	0.994519178802417	0.996328426022762
0.998385881244036	0.999218458211596	0.999032936481323	0.998940215453244
0.997657726610009	0.994615407554738	0.99618109122911	0.997824041333085
0.998301234673244	0.998010493099264	0.995996540990116	0.999151319216672
0.996956123146811	0.995128391955156	0.995208589031232	0.995110616848417
0.996784063434839	0.995845162833798	0.994728196047306	0.997457323063954
0.99861148446998	0.995112448541662	0.997402564740742	0.996996742622501
0.996649587381725	0.999183921092008	0.99756480328006	0.996749633178369
0.997261217903737	0.992499569214942	0.996044542920845	0.995307331545778
0.998733414479674	0.998787264441039	0.997728372350158	0.993324618371553
0.998280196922147	0.998121304861807	0.999109967442479	0.999294610478212
0.995377123809706	0.99936885036863	0.999160362373526	0.999725663710204
