0.647298493713868	0.902278219335476	0.908066759781303	0.819137271374234
0.820041153312009	0.929256515532039	0.894424246934622	0.848548976960772
0.894648430203528	0.912877294339877	0.807880827027549	0.899475136851651
0.886423103118205	0.913042099696453	0.783809970069564	0.790987422488495
0.751166702040167	0.945549998087685	0.656073258642919	0.973054154530761
0.910177821676726	0.941613223433261	0.857653254596776	0.754780664764515
0.889756033529772	0.961732531287568	0.522462483607162	0.803153168417882
0.941440113164053	0.930668879719537	0.733026820779067	0.873365693587449
0.872574805068792	0.637876304738169	0.685526557174639	0.864387471359468
0.835524005116135	0.913334287010718	0.616988594092061	0.962924213711333
0.90174321473466	0.837825559756207	0.916511606650095	0.831676360874843
0.880071579532725	0.953409833467687	0.928777756852852	0.809222355515485
0.948626776883799	0.585525510976151	0.853190631260584	0.922533335357543
0.915535999880665	0.923778185934677	0.74078744037844	0.93441919619001
0.916149871969823	0.869419138200475	0.857894420996266	0.865617991185856
0.792327098118854	0.834731666680654	0.562412890823856	0.938998990255219
0.868032235957533	0.888759349756457	0.86637337114286	0.740241238528232
0.909381952558498	0.441916752601885	0.901354779320511	0.894467090762418
0.944993236312186	0.831952045827939	0.91010224105269	0.890659853974623
0.609114118605883	0.495885649033532	0.742354050854914	0.790475074368063
0.83964612317517	0.907651572687762	0.909902478851598	0.924710288732349
0.916059937991065	0.921364739741855	0.824523086752982	0.518788550020601
0.922500485018146	0.78770495244746	0.938731710648273	0.688915957762434
0.92857155988495	0.867459047530263	0.647587952288248	0.859846742566466
0.930931050073673	0.853750184170111	0.915623450309712	0.914701625312687
0.873386681106681	0.925685388575982	0.913343845771922	0.527766386627423
0.790566859724768	0.831484667112174	0.629970536876475	0.945413920093219
0.541864539990222	0.922514962481494	0.851455066774958	0.615991593333087
0.860149772168363	0.664890852339765	0.933829108776386	0.887081126814792
0.756761016571011	0.899677201034317	0.944908434282993	0.866636519469391
0.823901721625889	0.922296864325238	0.956468114691785	0.910202405354714
0.910443230895717	0.911427086673575	0.932851890071479	0.98684969834504
0.753815187184062	0.766931542219917	0.619443811006505	0.912851728117723
0.768067734929182	0.776986426157946	0.799847387239019	0.749471246152436
0.975479053589389	0.845046415689251	0.879806861731637	0.893945320859956
0.884014997609367	0.917147197046196	0.952820000442449	0.967842896855503
0.886820623364614	0.750387104080554	0.654217804012889	0.871458886785225
0.83066182530575	0.936873784839652	0.667787230796137	0.970701042688823
0.924359391482604	0.950526594903192	0.755953629147459	0.839849269713532
0.911418191794394	0.716132319190239	0.790691385831634	0.872339039257928
0.902145753596227	0.725613240192297	0.629786020023968	0.910808045600747
0.939266907589752	0.954555556480938	0.874975866734804	0.888795977006931
0.89999491974696	0.846757837737307	0.813539221806622	0.656354874779226
0.874123068650301	0.919184849333746	0.895988282147678	0.652815161065788
0.943958687908166	0.953756330361661	0.877806920674553	0.744182119850518
0.703739389564022	0.899238664323512	0.678192877311874	0.929143052168245
0.707726159988626	0.950466112296568	0.792030987141838	0.82405488662409
0.950087787638321	0.883737780295541	0.77174577670217	0.88501664488253
0.850265002471626	0.955924153378676	0.684275572322722	0.829203638776191
0.912286134939086	0.737073527584157	0.87027234692061	0.937256846894003
0.94682954235888	0.946660449519423	0.87807068052904	0.873279768336965
0.903209965776898	0.930996820927239	0.816632973422048	0.840470057323557
0.821676960992712	0.870427202727188	0.763834973538144	0.914501399637861
0.948350242554792	0.84094805877443	0.889532727803243	0.896668462044862
0.634100938493479	0.923070218891836	0.891192355506998	0.936750960494351
0.874386031548581	0.541728800029969	0.330756366471783	0.727113832579659
0.538483302314733	0.844625711452831	0.945922848339563	0.516167270330618
0.445351385731871	0.869325172085793	0.905401408072978	0.732565217576676
0.974376750221639	0.934093707669904	0.716067637293546	0.902549529433014
0.888154445581868	0.880392847659896	0.765874705114045	0.916021407972189
0.753263243079831	0.689508925550678	0.821651980025394	0.594116953612621
0.894382104904685	0.928451167339877	0.977361603237852	0.904000698360981
0.679732602992795	0.540150100388388	0.937743898206729	0.950336016187619
0.96245542570736	0.744793268109116	0.839951116209986	0.874767954726356
0.872482186906792	0.938330777111344	0.694156681870262	0.882777027181754
0.291883337818341	0.930564763627085	0.802351972889479	0.885620056274446
0.931197487025724	0.897082120995679	0.851235186018628	0.89166928745459
0.847172865971282	0.970405197495969	0.795382508312571	0.878828478794507
0.466185868017296	0.819216316615449	0.737787161540878	0.928523585945037
0.821814267815675	0.956623020074178	0.864921104532786	0.758797056721947
0.968200325095142	0.883814071818787	0.886352700654188	0.955784875863175
0.955853219754545	0.919731511744965	0.919694696450377	0.92637873967571
0.93417348438655	0.786153352014242	0.884838309690177	0.924697554708291
0.933974544714848	0.852076615507273	0.911240644809618	0.955678900569583
0.882176156438129	0.847922986551572	0.905669440885978	0.871910564247094
0.753498974218575	0.928946168428292	0.889611034138605	0.796908057301644
0.832606400605322	0.905441937973484	0.947577417125279	0.739792140858593
0.76462889948312	0.912161646957706	0.873675702407291	0.90183947741085
0.769173568425573	0.889395242180699	0.956775292494997	0.876636075090055
0.889246042893429	0.863346343515916	0.931108134021164	0.83452379175429
0.87168738458998	0.87609249487014	0.857163822161582	0.771210883875501
0.926267579605015	0.934832810799889	0.74637338856997	0.885190419755971
0.891589596044361	0.953490695014303	0.753152311179516	0.764460491679265
0.955669145036819	0.947237468425623	0.83774494610227	0.733947260289551
0.913413120602407	0.843798360428904	0.874197909154357	0.789570486677882
0.613378994527989	0.824290883821037	0.640081914524351	0.893022659586916
0.837881805063875	0.911614646268221	0.919973220320179	0.97143803795842
0.965401311140474	0.878050974479813	0.869246612135483	0.726429309921373
0.865203091546577	0.577242418232017	0.885807714298684	0.968650267904719
0.948181398643841	0.792086554596377	0.794821680309018	0.811638886453324
0.812424748232555	0.941527314896285	0.859322240204134	0.857674411400208
0.874234907401684	0.93292861104898	0.945657879673344	0.918045112354737
0.876339774566831	0.805546956145266	0.883202717934887	0.92955520430456
0.648878252373919	0.892670152205497	0.8583189437297	0.612161041501764
0.889658617868879	0.939323778980562	0.87717422470063	0.905754995980244
0.928933278502648	0.94360446640237	0.910401156172711	0.776969969552382
0.804937296001107	0.800861865657783	0.836532892383559	0.840099662570267
0.918082826517675	0.873355897333993	0.920416735607429	0.960772481507343
0.794785722875107	0.199420797266341	0.830313665487271	0.957751209182706
0.895099039722489	0.670667470755393	0.625125504526171	0.87741345925434
