0.943134180247707	0.967749076769538	0.990796616728488	0.994219823909309
0.970470002222456	0.880565853296244	0.982236943883571	0.94727704783
0.766738842882734	0.840461084276143	0.794055187603719	0.924677443106542
0.905982501755307	0.971704517878649	0.987590313662503	0.930843593801212
0.988994368636967	0.993030338368876	0.935777891520091	0.972786223055814
0.986443379405063	0.965946231393497	0.890865820333175	0.980722505904123
0.97459363121302	0.9793640262192	0.967292353884324	0.983202487514009
0.877846009296649	0.956511829622751	0.969492764916239	0.974791713418324
0.987645675010098	0.975965651985431	0.820496802093725	0.985517402266957
0.951123902114839	0.985522202351675	0.897920408191875	0.976210651932391
0.984816822330879	0.963240427136366	0.989337387829246	0.946427028594088
0.985364788965585	0.984252223505342	0.905511023417983	0.984575186594097
0.94224020817224	0.888909502415252	0.960098463527272	0.991503262988364
0.963613995661715	0.923410421893685	0.982808964987494	0.963151399435508
0.982831568852651	0.961707581530152	0.989766660166172	0.982152692257905
0.978709925601275	0.980784646932493	0.983890176042483	0.954759824197815
0.885282684085585	0.951401123292035	0.977636841019249	0.926407165156553
0.980781212065902	0.95626328946283	0.91142652545003	0.702257783767178
0.779554060655282	0.806003772371337	0.811932249796342	0.949185022294971
0.986068102488852	0.997169232491864	0.98077199697855	0.987892668047875
0.983654634341383	0.992912066170396	0.974764128499071	0.987560292524941
0.950040591207863	0.91607280711351	0.970853992087766	0.989100385037846
0.934818799488181	0.840034392136075	0.896849306475224	0.975797225135209
0.977821408627616	0.979172625975518	0.985208101842677	0.978619743397148
0.903244065976638	0.98123742219262	0.944415063956421	0.898225449322606
0.950530802904786	0.839851497401692	0.879304599601454	0.976162043028349
0.990531356566221	0.935057902768628	0.980278081858551	0.986742939214663
0.958326494371992	0.974663565374385	0.968880052995123	0.986285257921162
0.945916759076302	0.98566548937699	0.990060142776196	0.991882157004026
0.981671840643863	0.980273090782066	0.979495263434055	0.986610889394678
0.967788587557469	0.982270390267726	0.98887580996928	0.946355558974165
0.969897033365162	0.913256694452336	0.967241624881013	0.978081727788624
0.98450909754175	0.990932839554425	0.92879440140879	0.944678529676358
0.870797569661427	0.981351167285055	0.987496811842796	0.647621917578702
0.97180840861654	0.993712066756547	0.995217448520973	0.992796359382328
0.959914289557347	0.989910120580682	0.936306507676529	0.797332607206202
0.979335929256191	0.983664639697394	0.972842621820872	0.9741820103893
0.972415465172075	0.995394054032415	0.993573821290184	0.994123087676435
0.993686878157712	0.991595332431177	0.9794474678458	0.97801359061407
0.992325841926405	0.984643501453915	0.985171736823495	0.984353943624497
0.970847442623663	0.979592935619473	0.985431620410079	0.941222670583818
0.986121833824676	0.889255910979587	0.911763200786849	0.913835720772796
0.960085612650791	0.694484915860119	0.936343383601846	0.981176598392346
0.9390703971759	0.980857085135331	0.99293010798167	0.964100627665781
0.987070696876005	0.989947565084151	0.974901526629096	0.981445856807115
0.986585025652785	0.989734463728898	0.990628068324407	0.92529477018652
0.88560606027514	0.966873548894754	0.894365814532998	0.995579799365268
0.986832460426603	0.949266303757895	0.967672844641827	0.902506739023854
0.988902523328999	0.963916859879398	0.989515942572645	0.982586364922508
0.989356528677724	0.973825937601258	0.990197056258945	0.979957664839149
0.969652409982173	0.954510756353621	0.979266969256127	0.908520728658131
0.91437603274765	0.961219855986534	0.864696220833299	0.588089283353301
0.980085037400297	0.953946360850063	0.975985653785649	0.915911543164493
0.564332573593842	0.952345725547492	0.605798721122846	0.912931337660451
0.973117098680049	0.989646180530399	0.983691048165353	0.9880188054455
0.948061582280149	0.996207235969786	0.957249696473709	0.987217817121195
0.952114934188984	0.987953407425339	0.983027024307128	0.980654459612165
0.986592099728068	0.868962276083247	0.970577323979536	0.984993899417945
0.970769897081073	0.957106601068274	0.956626268670629	0.969043270206199
0.978381837145798	0.902305323873838	0.95749140850712	0.995841010542154
0.984137571544045	0.994706746938373	0.991236754669956	0.988063288541587
0.989669405397606	0.994820555250779	0.978059006540772	0.928186746247119
0.981417709061956	0.954084927465081	0.978943662070739	0.990190901961272
0.939765083433984	0.949610569133839	0.980739761400481	0.990667978844862
0.953453533278535	0.989286592253432	0.970764322785294	0.959532033368601
0.862144816404652	0.985457201345954	0.980456698626187	0.985603291877321
0.798961953401503	0.957363753084101	0.911156381715308	0.957418795983473
0.995428161765968	0.969697868300877	0.988204106492394	0.972527738432089
0.991163485230882	0.993645084783337	0.951310833262818	0.984339522838672
0.976906340581501	0.992746362147281	0.979386577073823	0.982895060867696
0.985776706687735	0.976823467533508	0.978405096789288	0.946725527560476
0.980352405124674	0.97538291277341	0.967885369111801	0.963055576887779
0.973275346436301	0.883935141647039	0.963462792843791	0.982449482806738
0.984009519202366	0.993277333997778	0.995251325282313	0.993033182405402
0.964164320568814	0.979275472390621	0.996612225825352	0.967934549581546
0.988949635833413	0.956146280593946	0.990872640735682	0.97805752284388
0.98937045723564	0.960943483174554	0.833345786585121	0.69682826414367
0.966306617928489	0.96247504301666	0.971996416543732	0.988471237453914
0.967818175716691	0.972329757978846	0.938663430261438	0.976913648766112
0.96649020464183	0.96136245519049	0.692727490852722	0.978635112420755
0.992331080637142	0.959344020577348	0.960553759969785	0.993336977613016
0.978069934893851	0.996676934850546	0.985200542032714	0.988660080737329
0.984409561063743	0.953044881410188	0.972543010219733	0.981696997594279
0.62273556991411	0.981714835752066	0.969565882977372	0.810869546862888
0.992377559233796	0.990156295848566	0.987037494832359	0.992247404141976
0.975999583813416	0.965669063002176	0.973219656711	0.988980097538464
0.821912849935194	0.611962047578342	0.950712837860532	0.992368325876507
0.93465669524634	0.968028363999865	0.961229581348984	0.982017838820591
0.97901203967636	0.888475231138864	0.988495544629813	0.993370208217811
0.983482984266598	0.964004475408292	0.98536215479641	0.926505508005012
0.989384940146896	0.964091978678332	0.958065142592241	0.955457293222343
0.973703143668304	0.949501333567339	0.973736954511389	0.828123531764082
0.983162510252744	0.947567943672692	0.979344244318791	0.945625209578724
0.980920085199557	0.96781452949352	0.977714894591119	0.975855985559151
0.975760416874592	0.868610397108075	0.885698345569167	0.784581104536048
0.987823021055774	0.992081914016112	0.986025197832939	0.981561202978447
0.87507051580914	0.962544496785372	0.675102716761125	0.96387792620715
0.968697031658935	0.991681571435701	0.995743880449183	0.99074174072137
0.991804493976981	0.982754950239113	0.988518437337296	0.958915687375274
0.99078625843462	0.972688045197966	0.991473921558872	0.955722096715468
