0.985130053140682	0.818278833559982	0.963245574924668	0.986122444599267
0.991879468275972	0.821157531092067	0.951586641699242	0.960024785010299
0.948048003298238	0.987281605711858	0.991962377887437	0.982695330196144
0.950365721222808	0.882162227814198	0.97526187745665	0.981374633749874
0.950841668312706	0.928848626857073	0.97783016937212	0.966484556085694
0.946181708837704	0.965298473616201	0.967428981381463	0.997417174218839
0.988360769778733	0.981098871505988	0.943645138852432	0.986896067967707
0.767264408683313	0.808769382682724	0.866601691297321	0.971643551438477
0.987723293792346	0.953360121297451	0.983101832118479	0.978241928079692
0.831189282555919	0.768657366660624	0.777721924359679	0.97794003502779
0.945794687847529	0.755292935028399	0.979856499372025	0.900190295212814
0.985251863256356	0.965678876595254	0.965402012770266	0.860245646077601
0.968026850548947	0.954974131367607	0.92400510803967	0.942250520255867
0.985163472217192	0.976381057804981	0.959379868696466	0.993227708848603
0.990310946356115	0.985324532904842	0.969156778436555	0.987740116821294
0.978587778275467	0.966668736097663	0.986554372403231	0.977333065904834
0.910774652786913	0.98289688367693	0.960863251564431	0.957031692191062
0.981882910810527	0.962097417892609	0.946262456902228	0.916396821804504
0.983988795707163	0.988895111291422	0.969086025539233	0.969501470587716
0.983618518677284	0.925859652732746	0.949549778895175	0.970432101177483
0.995757927107808	0.975981402596283	0.941481918993767	0.945989610471074
0.984980111182364	0.943929490051397	0.98381080219022	0.981720473751299
0.978027280606745	0.954215104725599	0.856792401194171	0.982107725458053
0.967932558575456	0.959349621942755	0.97786014575051	0.972810323683147
0.980935082952165	0.958551429975121	0.980148825784417	0.977252452050788
0.974757299516953	0.885113413807393	0.948252870437474	0.923714143343941
0.882127030347553	0.9899592255142	0.554751274125897	0.97407766517729
0.982588367856067	0.94678178882624	0.980646775213046	0.919881417186653
0.985303858460958	0.947954792395542	0.943619106729297	0.987772163775316
0.947102528858018	0.944192695489636	0.987415005501076	0.96853547168
0.958631792283386	0.992539811027868	0.847432470471244	0.954046602785246
0.844467248641626	0.955001247022628	0.991111659927871	0.901247888631285
0.987061010096502	0.978368696572158	0.962269183743705	0.957073561541353
0.988855020550908	0.845461403770145	0.98342734237293	0.987952192432261
0.976173600959369	0.852409218480847	0.747532314227008	0.965360417796073
0.913468484073797	0.932445733219173	0.971295963542231	0.978647607942541
0.968988721414292	0.983400149348615	0.984794425645795	0.991905204582633
0.96678722012567	0.983337449319651	0.978703530821875	0.989829040375999
0.94558194090934	0.975504845302273	0.979927018719766	0.93810131025296
0.981367429402605	0.94729622770839	0.966209314819252	0.938969784352197
0.986728627378347	0.962204313884262	0.956415742146882	0.986776127217273
0.980111509986516	0.902480912285176	0.993274685634855	0.980354453641332
0.978520619310044	0.991036290215329	0.96588552762162	0.99234236750666
0.984027299616518	0.984378332080863	0.974625639099192	0.98822012581532
0.904514022684891	0.918794858456216	0.935226641768242	0.975016177812418
0.932993725275976	0.962084082489194	0.936081698430273	0.966087592413982
0.96065356483669	0.98473070158234	0.971583062436292	0.983575800941418
0.980845360519034	0.984257012569347	0.96770474726342	0.99567224635035
0.990210136451498	0.973184647378913	0.992100026856069	0.965712097227199
0.98731766248957	0.988378431644047	0.990842241526475	0.968442513415215
0.983216945863111	0.988453631416379	0.950740634978767	0.985326357147998
0.968497470227726	0.966124163498105	0.983740624037924	0.987888098330087
0.959751368525851	0.981247323824726	0.853677952359993	0.9673302565908
0.943861721074952	0.836587097922239	0.97963213964238	0.810562391298991
0.918710940192995	0.972704491253293	0.962880142897816	0.969107172050873
0.986521882567004	0.982168770465968	0.98834580589504	0.979874789407076
0.993580300701357	0.977250915998207	0.922650539061899	0.979394587594363
0.990338251929773	0.959371599504903	0.96669962305991	0.964545062081537
0.937916068024676	0.967564003721695	0.983059011864139	0.964979254146125
0.9822152339286	0.939536194887086	0.994079542363468	0.985317033851841
0.930866618766403	0.973457023988195	0.981968558997734	0.982321420049614
0.994098197458095	0.991748025548487	0.961683040717559	0.983593821053607
0.97491722449547	0.934429260064868	0.967814470288283	0.985026214139269
0.966499848893219	0.994067948021236	0.957542387804055	0.964030439040856
0.967644812028083	0.770298698001684	0.985388606870569	0.955268609392256
0.983714969655018	0.970760140236946	0.917865459601477	0.922043431172316
0.986577296894784	0.967739231478815	0.98586451951008	0.923542745831414
0.989999718208403	0.995080430170733	0.984157641063155	0.983355133852842
0.985982082711947	0.982878257474867	0.974494447525643	0.954146057707743
0.967272685496258	0.965117295494321	0.985077036160504	0.989548374308925
0.977276438732332	0.981449171921777	0.925647619257676	0.851596986206559
0.975866989858831	0.988478485639848	0.971875180423095	0.967543748247868
0.971445344126411	0.982347053106989	0.973032473881791	0.919574123610844
0.774949444442317	0.988223921976632	0.830666506782024	0.936966427226905
0.660014097214612	0.831031720233468	0.987722529445859	0.961747920929655
0.933689807200354	0.990023084963097	0.905765597645529	0.751053943648143
0.994851598056132	0.610082485102074	0.971980667128663	0.927196467586593
0.983493190417317	0.955567560741356	0.990649585682915	0.989265598945769
0.864097518259857	0.902061245875546	0.928769504315673	0.985865464115722
0.917565413774162	0.974055907762161	0.987834074456455	0.971444097682022
0.991203767161926	0.910269469140505	0.782877105993916	0.976051505070464
0.973553629220648	0.980702490347619	0.896123588940474	0.950080294845265
0.940275431791945	0.944524368911708	0.977297108456085	0.833677659034521
0.971605290754257	0.977568946586137	0.980417918127372	0.976433938704477
0.960443204141583	0.953198851993836	0.906621227527354	0.956688349516616
0.892546163088368	0.947612511842483	0.994994517632494	0.979540386471095
0.954629010740332	0.812112408336037	0.942386216420953	0.75258270011253
0.967384469683427	0.980887654828746	0.970750994322106	0.976470646004534
0.962086798143041	0.986129874721064	0.768013413026038	0.922235028647194
0.973989526405207	0.942487932306915	0.847169474850125	0.995068079079924
0.941962748800002	0.989314790721052	0.954982578092863	0.964308559488864
0.95170326655974	0.982076722361016	0.958888352657586	0.919555916777697
0.969431318059926	0.956736609807009	0.974405145528157	0.958283390970091
0.884533046757349	0.973737837766728	0.982418916217959	0.943012219975571
0.990726130263975	0.970256874210767	0.974819811319582	0.970003341050252
0.985342113211574	0.989663576150145	0.998207721901021	0.945053975618513
0.992782234606129	0.987295636064465	0.972309306050154	0.95055868676222
0.965569952610382	0.973405206803474	0.987509924601238	0.993238121451968
0.795128403978056	0.962621453724234	0.98208071851477	0.98550109247348
0.986563992223822	0.983332868361011	0.994072168306266	0.997399588533286
