0.99475204218596	0.974130548608565	0.995072144108715	0.901757201566407
0.995590268909502	0.994107458800924	0.989833587989983	0.995695899146665
0.993747902140168	0.991373256226252	0.997199351601707	0.981229593689346
0.989633691073841	0.99903633477211	0.996168655927982	0.986818883787364
0.98771400371207	0.993561249264849	0.993534378717163	0.990663466036322
0.996712853633955	0.995284278862986	0.978661059363854	0.983581801475718
0.999195596462519	0.998045426898885	0.971118044025368	0.980136548277987
0.991254490546899	0.999518122325829	0.995197064440132	0.989668328604876
0.99208706312642	0.989137526323569	0.938203444305029	0.978623540240958
0.99410252745899	0.994572922104035	0.99174812960224	0.997365258662375
0.985838981790962	0.994143710191789	0.986530056827803	0.995821698222038
0.987682547759117	0.984913524321848	0.9955024749106	0.982910921659675
0.989908219204428	0.987393506606132	0.991157067193993	0.994967062717233
0.997797601733806	0.993321956529828	0.980041368821756	0.99605039813447
0.994408848831176	0.998353972762932	0.994721306425264	0.996659111354234
0.990934871342729	0.995736452239994	0.975586600459353	0.956326663829053
0.986099307970429	0.96947317800814	0.997603900354909	0.980253951072965
0.99472680021032	0.991742099061625	0.989683277704858	0.998309888758926
0.992375934144874	0.993541990905519	0.997575980139807	0.995440622312285
0.994459498057538	0.999206648292258	0.986795649359542	0.989270442449033
0.995700157304304	0.999053351163007	0.984643142821603	0.997465238670092
0.981683880129986	0.996033343489443	0.986735103766674	0.98640745308692
0.992951426808456	0.993699930541481	0.981749270928093	0.993428783932814
0.986872124893632	0.986874495932421	0.990721400438269	0.971019791238396
0.987677939226652	0.996553036248717	0.999121745586636	0.995135228991787
0.977262084685115	0.991579954195172	0.98923839145809	0.980760932295427
0.990191093824658	0.988641208679947	0.972624727826892	0.993876951377957
0.992943785476475	0.995202563091654	0.994685008640411	0.993265136797526
0.994080703512978	0.995357491032977	0.996497696423837	0.993115483846793
0.989858266709731	0.992152237188654	0.999267018663067	0.996540296457607
0.993065261482386	0.99610208647464	0.998280021856009	0.996827168524939
0.998004982357505	0.99607861805588	0.994162322551776	0.99716901473778
0.998320288564583	0.980019768912381	0.998721125467882	0.998799340455523
0.994743920430241	0.997502307571045	0.993989544817393	0.99549298317204
0.997232136970391	0.965438527382053	0.97486876619948	0.992577119634499
0.989023834350028	0.989652628855594	0.99395266512068	0.997574739073082
0.992745708296846	0.997395514149736	0.997521458310744	0.99257911049285
0.993753556086909	0.998278072188378	0.995884125336607	0.996818068059852
0.981368802576273	0.975859295818853	0.990925187880145	0.99585265267495
0.990582865966236	0.998291425397988	0.988879949436052	0.984428862021784
0.992822867611434	0.986940768953366	0.996579746561915	0.991556372702337
0.980131007851594	0.977319006630186	0.986991748571975	0.988020905416548
0.986013365642667	0.991177904914581	0.984538238620427	0.99802076099209
0.989597068501058	0.993432042896601	0.995722519652046	0.989017171811259
0.981759767670747	0.991364288785657	0.986842955399259	0.994980466956169
0.998032999008606	0.945626859307241	0.996623004578691	0.940275797499528
0.991786211616135	0.982724615886779	0.990194175424021	0.994250254813742
0.997390203507065	0.989189703694532	0.990086796732488	0.997811895292273
0.994897390083343	0.999003215096889	0.996518587458301	0.997744401435104
0.992370553807994	0.986754710535935	0.995222870905222	0.995613110803978
0.992998640894316	0.990741524633655	0.971422256358092	0.992664427188684
0.995062183624068	0.996739283715545	0.994628219519543	0.999387477398515
0.997710996343369	0.997887878515259	0.989662380343846	0.996605069692338
0.984640313226302	0.993923996699034	0.998227921341902	0.992787962007206
0.987849709259768	0.995728397879126	0.998373557435368	0.99237847134196
0.990283004299311	0.991523780882617	0.995917724494343	0.990641734237321
0.98784154940331	0.987647357041457	0.987801691688942	0.997100850911966
0.996163899343379	0.987720657556103	0.996319244689982	0.988672017296441
0.992685879303506	0.977214289072835	0.997751029431765	0.985498232499668
0.994596278828107	0.993238893409361	0.998024753513485	0.984400129611107
0.980105259160272	0.977875456323521	0.987021345668404	0.988360320885213
0.997279627475435	0.987528011379367	0.996762616072606	0.995704050960501
0.989045718253091	0.983908031854624	0.990712716109672	0.997390705533303
0.993236362020525	0.995920772501252	0.996424152531932	0.99175224706725
0.997695023039409	0.992493565190117	0.996028872738121	0.981254692028696
0.996175127330792	0.996196773767183	0.992912084582322	0.982829144504861
0.985954367958276	0.989968137073852	0.955324009828113	0.989727467868466
0.995550677371124	0.99423573336761	0.986012146530811	0.994489309526199
0.996122782896499	0.995426347417453	0.990745243890055	0.998060886517778
0.99153252322286	0.995501784710627	0.996824286074868	0.995636659029185
0.993115424180048	0.993557007039591	0.99325809642187	0.99502427541776
0.988173384474836	0.997320803120427	0.997134830488167	0.989833400125736
0.989043705559039	0.997024373227972	0.993164318490681	0.984751316788068
0.994746873812241	0.996370906838773	0.986255758287616	0.985727944555919
0.99430592551261	0.971366698745053	0.983383405230936	0.994039265343805
0.987445489625871	0.998402720882797	0.994644886733123	0.998544498264115
0.994602701856265	0.991018636447064	0.949477098566186	0.990411137162475
0.99620253178622	0.995873820790639	0.967188598471048	0.992492976871874
0.996758447913852	0.995411255183483	0.993344462218191	0.992150644938907
0.99460607069376	0.995669818688069	0.993126110281067	0.991644343183731
0.99688270015255	0.996791206678615	0.996134688208977	0.99667177451409
0.990269839932219	0.995516596730425	0.990173782741269	0.993675945535957
0.996335201273512	0.995790233176523	0.997376505154506	0.991002090458678
0.984391474184189	0.998170225198048	0.997898171519548	0.995452356340064
0.98215231731104	0.981433296245308	0.997741861100971	0.997965645977238
0.996391575692401	0.996351358627434	0.992649888352216	0.997028056609982
0.996498339585132	0.991872401621286	0.993578164576513	0.990894094169072
0.998306428796682	0.99636819468878	0.990261074485028	0.990652808336909
0.996665227219231	0.996490878736309	0.994165815486171	0.99761087054238
0.996934293497448	0.996662548413138	0.992203692706713	0.992247543396471
0.996804577530425	0.998027462919421	0.991740064696455	0.995092604865757
0.997953477396376	0.994049665435647	0.993668787750133	0.981324680436737
0.988126064263042	0.989040984087591	0.99219342618983	0.984539425740838
0.973663380751678	0.995786614459146	0.986769130804581	0.978047194909108
0.993280848532953	0.999057543516163	0.980439030168368	0.97744231119907
0.970612971635398	0.989545223003453	0.855790054365637	0.991645670360987
0.991540094387005	0.992274205146985	0.992905787177682	0.992083607642955
0.994847200024454	0.996929129538051	0.997434757615401	0.990363221118124
0.994159998216876	0.992299069773389	0.989864229898389	0.993780085586773
0.999054321506688	0.998339493968469	0.991925516543141	0.993451731184525
