0.900605798264782	0.833280270622682	0.819331691291845	0.393511594510039
0.89166247622449	0.856202308520851	0.885967488144805	0.69869629358444
0.656652900406079	0.962672098384168	0.923686512005978	0.801359578263217
0.923208351400234	0.924295198162975	0.919333320096333	0.730072082405523
0.599440297280431	0.902313549515786	0.899698894066972	0.753766841341195
0.889770597355547	0.922636705131567	0.906930503360536	0.930554097240058
0.777277033012478	0.909689077316538	0.960311504932637	0.898547557535198
0.891475308469425	0.890593976425662	0.968613319999968	0.954096754988902
0.91486904802108	0.900421897268894	0.46139215063133	0.70846889597922
0.854823964151804	0.97569659739671	0.770991111685708	0.874346775214491
0.902948970848177	0.888420371417264	0.526755168840127	0.622751790593169
0.944240565398027	0.893146696171062	0.937539171406186	0.920699084875271
0.792282686355667	0.916336010325222	0.634052913263841	0.832810613321249
0.77521162076296	0.947838424546257	0.886543324510396	0.854247713235609
0.791959914672487	0.914300840276663	0.894057132495873	0.911296488831791
0.859727204457146	0.363478860330383	0.834620068685848	0.930853731213523
0.682227613267603	0.916836966599971	0.982043535330443	0.961408874935722
0.738536593277336	0.538944775431054	0.894456361723417	0.952442948918649
0.572109560451285	0.905739794979422	0.875624677764285	0.897408426785878
0.924265431214981	0.921188361623204	0.771741435322266	0.915924517171889
0.939929584499749	0.920149667179524	0.748841202200466	0.898062099026724
0.944123803031401	0.826629384519754	0.894338621009675	0.870677694489583
0.726984447485931	0.931714219769203	0.920998011383727	0.837792033434521
0.914487847045242	0.815847723622366	0.917593946093577	0.947154548772136
0.968709438174558	0.925184481622138	0.880628013403126	0.920245003722885
0.934337189891244	0.936214218604235	0.863095744121613	0.800832275791612
0.98243771571842	0.826515442948409	0.847332056758521	0.903557551883655
0.578389768861345	0.675321427618811	0.819725519121542	0.833079941588125
0.705259852143254	0.910698404908067	0.89773025370429	0.912192717152584
0.427291452513618	0.500757100606148	0.823603943370559	0.640898147505164
0.854169501791938	0.722882512453091	0.822581006024744	0.882759335516048
0.722617287185356	0.84913772127397	0.891414049659206	0.826093174845381
0.973604303561833	0.812759780782498	0.928615689408454	0.931489535964776
0.860860128798495	0.956988110901708	0.929949105146264	0.838588946911502
0.662054480852029	0.878807790995778	0.900305389478856	0.884662486673653
0.888993904417709	0.923227531783786	0.783923382915994	0.928609003182588
0.539059302942942	0.839324704010442	0.897811633046594	0.908510103701119
0.845209684242324	0.807032871663548	0.602392793561283	0.828220547888922
0.807956753480513	0.722616620865532	0.724813401691564	0.729532509311929
0.952041680120369	0.959243568611447	0.946378382961341	0.95453768426413
0.922764099914972	0.932014524617638	0.868825622000173	0.910366945500734
0.954079595990242	0.921118501369739	0.905952940002777	0.939666917345278
0.879188825462679	0.887581124073872	0.905726029833556	0.78447202431853
0.823093724225739	0.796919455226716	0.888146793890564	0.954060431692903
0.835070551025799	0.948084807000187	0.825044780169191	0.901330972050375
0.875595926587664	0.958250710288425	0.870325771130045	0.403666849877072
0.960366415355021	0.822386197700121	0.888729344791638	0.924456126009675
0.949016062334195	0.82739847103311	0.871246258718655	0.949326859218359
0.833638655113211	0.887530522405142	0.692153129556426	0.849014743419965
0.913774156159245	0.492175276760215	0.852151592197874	0.518820370385624
0.53622639901678	0.858445034502369	0.80041646842198	0.749454773440399
0.935864322796567	0.899171314293395	0.836817420613748	0.944550864002896
0.944417871495697	0.907828346451189	0.771840771229939	0.440631664926037
0.811649484199547	0.697562769775884	0.931194148688127	0.878644056379152
0.932227638194116	0.846795306209532	0.881659337053748	0.864499960212045
0.931265981324352	0.910064707275516	0.699020891591725	0.95828489260257
0.915983397346593	0.847208961075091	0.938752833196259	0.892608784588447
0.944341106426282	0.938865733845579	0.590856541176353	0.823114006981988
0.937345713148735	0.829609697518035	0.89760421121994	0.948185942795047
0.899654025245376	0.963691908184475	0.86930639740092	0.879911397757553
0.785089207068677	0.960774571209597	0.848015772437632	0.948386121634412
0.910624070546754	0.932685414166365	0.917542665125222	0.85318557612205
0.860532425398345	0.566586331709303	0.917805439210036	0.563460056852914
0.230096510339815	0.958891090847249	0.440447255969955	0.943677659388673
0.836174245770861	0.932194900896606	0.861579421283116	0.79159673298824
0.726950900327405	0.940970848906612	0.91695813611112	0.950820976484155
0.862255422672738	0.801883777947976	0.958586009628433	0.897229310006899
0.935403789495059	0.819978604925735	0.802839956617754	0.607753122894197
0.886727315147493	0.822476492003125	0.926816329501119	0.862095759443485
0.814854890105595	0.941962301290402	0.920705406391858	0.859304204583123
0.861831811460064	0.691057169231401	0.851319226095462	0.867952470513096
0.927296007379294	0.874421970004721	0.952283589714031	0.956680025854777
0.879448790142673	0.914573574228259	0.895776904779062	0.939777922827265
0.829706624182089	0.863201153760113	0.663517949126044	0.948090589153721
0.945790915311004	0.913772585586559	0.84245243849459	0.872121391179801
0.96913509074119	0.777771297775029	0.935807058821532	0.880772522770655
0.872291699591727	0.954458977570553	0.832762608663002	0.901627445165951
0.913816396413376	0.913497933576083	0.718601980745376	0.877919745479123
0.893429970562	0.757062427543773	0.761657739899806	0.943761494172917
0.899689834390027	0.877344582086711	0.868117881653382	0.871189798571031
0.867832210486338	0.886440500945544	0.876562456299371	0.832125721913964
0.979623593920476	0.920283079066097	0.865932514085537	0.758460874450754
0.95130724334701	0.944749753453982	0.866288936967728	0.941028728066074
0.776581900609002	0.930870848761916	0.958059172864037	0.920611329244519
0.376012688239326	0.902992722809585	0.897687862510865	0.581377736074869
0.832749121939475	0.853651713742183	0.948201551607268	0.887233800291228
0.944682354132575	0.814630813748453	0.919405722559501	0.706723157564674
0.69154982850085	0.929214349874032	0.861008445983315	0.918977266316059
0.813964414585861	0.969552094921659	0.903643988808297	0.93869475866963
0.856384502489009	0.946956294515568	0.881648879142931	0.950764250475226
0.909930069038153	0.895520924153007	0.750633289355198	0.936029916062186
0.810500863176389	0.958122268645315	0.770599880889458	0.905525713584999
0.905160782499	0.864145797376681	0.694864051427664	0.982383517473937
0.951010422825394	0.506201966799686	0.667658393952824	0.944904135826263
0.891165964739513	0.797963361473364	0.629338723081349	0.915637477977863
0.917812086636298	0.955958723599168	0.823068673366669	0.979186748830487
0.947734255239491	0.904883076902673	0.920328089567208	0.426270357174877
0.82474345319575	0.857206916194684	0.912925532431029	0.832918209697808
0.970492722092859	0.872867751246669	0.913493975360112	0.906869664740976
0.810623359132947	0.959992455637337	0.917789336287097	0.776309850313671
