0.995874055056079	0.997936853353571	0.999390930727177	0.998403065544858
0.998214554977673	0.996464700846433	0.997985223765921	0.996218002954318
0.991943944060119	0.997713232270347	0.999295942501439	0.994293339758828
0.998295568572342	0.997063861034585	0.998283638068146	0.993821120153464
0.997522954093534	0.998076671970283	0.998969459945924	0.997496570871125
0.998284915687319	0.996046911830507	0.998010018434984	0.998053264073634
0.995002445361997	0.996635080676693	0.99790318789525	0.995947861254362
0.998307144022892	0.9970817380246	0.998077490654385	0.997902829370005
0.99685540638335	0.998646985492766	0.996956914008606	0.999093078959969
0.999006616089467	0.996527841296874	0.992948370293505	0.997711744228142
0.996183919472563	0.997715472667654	0.998100159610543	0.998027047309402
0.997494205890165	0.997470179483262	0.998797169513455	0.998462214889339
0.997650678327017	0.996160936920381	0.996835894084526	0.99767983661424
0.998675447748059	0.998832009671105	0.998670203908187	0.997633728592374
0.99427647838088	0.997187825685287	0.996122271481695	0.997488678156162
0.996372250085102	0.999627824097784	0.999500336425436	0.998002267535694
0.996909315326066	0.995780085640661	0.998098666131717	0.998158065792944
0.998816198332038	0.998913564842856	0.996778325884556	0.999884260692384
0.997843583900326	0.996455694032027	0.995822921657457	0.994649280877557
0.997916589453377	0.999148801855997	0.99731894993395	0.998492152839285
0.997579731706566	0.996766340060433	0.9954092150035	0.999050678989699
0.998761633852313	0.995486633452401	0.999717952961985	0.999229366609319
0.99784967561597	0.998399825873625	0.995839955899347	0.996707531434247
0.998000547776326	0.998534098126092	0.997016183910969	0.998725607906348
0.998665434195967	0.997183711077371	0.998397793744393	0.997995164554569
0.99629997636125	0.998478471162809	0.997967687968119	0.998111623652668
0.996854557890592	0.999436917170377	0.995472434256689	0.99869738231503
0.99797305280089	0.998857250193744	0.998120196254264	0.996949697125381
0.995383622378466	0.998474463645879	0.998593367264393	0.998545451218528
0.99965971825836	0.99892165914676	0.99991394814341	0.996777261540854
0.996042990556844	0.997560888754724	0.998028420251498	0.997739723831693
0.997492706516239	0.998483466231015	0.998724136004819	0.996360423685375
0.993794417688594	0.991494785390944	0.996653984150947	0.989118014391007
0.999628987009447	0.998653751022946	0.998006064620047	0.996753140033465
0.997019580419737	0.992193857771338	0.997139363122185	0.998865784454604
0.995286264468885	0.997502151902351	0.99734675456451	0.998762047599463
0.998962304597254	0.99486788356184	0.99827564875265	0.998650495594875
0.998267349462034	0.997358550004954	0.998763448628648	0.996658755183412
0.997795907933943	0.998966269371658	0.999071134066869	0.997786507881998
0.999132818029939	0.997877790146868	0.999208235485605	0.999046799910715
0.99477636228513	0.998328034078097	0.997667500995757	0.996815769707607
0.993707759767364	0.99462959150622	0.998854587236889	0.997195700473953
0.982183563855522	0.999333020477491	0.998848854801168	0.987114112613395
0.999266136800843	0.998396697372768	0.998878078650221	0.997645956652337
0.998127481882265	0.998356328181554	0.998405302378827	0.994470305664601
0.998133129688879	0.997592865393071	0.998408487076718	0.996137493845148
0.997439512613418	0.995031786543923	0.997345756892369	0.994057338469988
0.999334149616838	0.998306135165481	0.996326126196919	0.999542271643703
0.999038131695329	0.999178916241538	0.999501583380216	0.998556303186825
0.998411929879767	0.998081079462066	0.998843089100643	0.999352860017605
0.99812347777675	0.999226277354614	0.99868140656483	0.995835194579363
0.996870877564095	0.995242442669997	0.999425352058278	0.998644411323108
0.997534438797174	0.997436438731948	0.996557270368942	0.998916428608223
0.998607804887554	0.994374863649685	0.998119742496753	0.991943495615672
0.998231389623575	0.999743412862934	0.996371805054363	0.998060505604732
0.998257030952445	0.996058675778049	0.994952906421237	0.999227782622597
0.998629405846912	0.998388104656641	0.999164386950351	0.997908984913978
0.995183994191868	0.993122300681727	0.994250849896828	0.993827915779112
0.998612395945949	0.998708295319735	0.999603171601268	0.998926432827885
0.998057816227349	0.999283238126344	0.996606205602461	0.998071086275668
0.980444322709589	0.993264696333105	0.997892642087784	0.999056684064244
0.999416373481809	0.998325377197095	0.998649566001727	0.994883958642304
0.998581772196213	0.997935922305588	0.999573769524684	0.997426468287734
0.997405059553133	0.993568541690615	0.99889963683841	0.995588329632275
0.998676642217683	0.994814818704846	0.996118453310878	0.997686465834099
0.995175623826894	0.998405730475936	0.997100403399411	0.995875929979621
0.996458475989582	0.994154380424247	0.997436450089808	0.996448604154068
0.996789111635351	0.995900525140816	0.994337730488205	0.99577871064264
0.994933050599048	0.996338811069524	0.996609536111936	0.997128611302262
0.998551257097683	0.995146695713605	0.997953061762547	0.999419939846336
0.996281882828706	0.997995035416771	0.996525799092462	0.999036441840557
0.994726513888315	0.998328502441123	0.996932587549854	0.997814946181856
0.9992603931004	0.999482623569202	0.999360795591705	0.998716020356106
0.999024537365383	0.99655746053076	0.99770338901628	0.998858902197428
0.997905129441065	0.995731250043201	0.992783065271602	0.995632476125881
0.996967779131421	0.992611344409571	0.998783845800364	0.997389473854271
0.995230141886198	0.993254645930273	0.997054216833958	0.998836896117953
0.996970934761501	0.997621647756159	0.998902548657997	0.998885075883872
0.998409611291286	0.994372734309128	0.998320430038801	0.997947642420656
0.997665680607797	0.999281161210244	0.996526712353867	0.995952244080024
0.996036440780816	0.997278033055231	0.997526052212816	0.997666312613082
0.998870476584539	0.999560553008884	0.998368613190528	0.998448616642642
0.999509342520622	0.999083067298666	0.998342148069381	0.999420701700774
0.998928660269365	0.998818410088508	0.998778348819451	0.993407659271855
0.996793275457545	0.999047486541705	0.998215563429695	0.996749598494166
0.997688984882383	0.9983800313868	0.999055627981993	0.998236688771055
0.997592033020881	0.996091259110395	0.998693674139581	0.997673987811659
0.997270869568188	0.998908563909205	0.998611474703056	0.996960893580551
0.998639480201815	0.999437213119592	0.996997351337731	0.998348256479278
0.997781101153393	0.9994105626932	0.998992133669784	0.999457972584813
0.996147920338601	0.99782230022284	0.993426176039242	0.996438768770749
0.999584149883582	0.998530413463344	0.997959750955857	0.998146083471937
0.997471048404805	0.999554056514461	0.998624514005291	0.999607252403033
0.996897828958505	0.996910993664614	0.998970455453414	0.99757462003398
0.99807589264504	0.99966024501147	0.997505002527729	0.996972072926579
0.998591250713153	0.997897210141427	0.996459591369341	0.998870903132697
0.998749196245812	0.999583024820569	0.998739883894392	0.999434093693844
0.9979963101677	0.997056729433781	0.997570931290694	0.998177843693113
0.99659661767652	0.999191568652481	0.997358958645258	0.998563816751916
0.992989110309376	0.996407763149955	0.997478462022533	0.998258741938957
