0.911953051599496	0.950361113874889	0.969024869978575	0.986390476765952
0.899506892311883	0.975263130043929	0.924874851266271	0.962632570964967
0.867704357171474	0.985715116310308	0.963887298494586	0.765631391966409
0.979854200509666	0.876739148719595	0.962742318382453	0.877490339486189
0.902356413820826	0.971103380431489	0.970952881190149	0.832113256318866
0.975802000741763	0.988758816561655	0.967418178949373	0.91374596849028
0.922001426193671	0.976948966267509	0.963508972221939	0.955727339533087
0.882866674671199	0.974516132099746	0.966609426425353	0.972494461718772
0.93378133195752	0.959665231913063	0.980790890815549	0.958882065706003
0.956569443155345	0.874855555808218	0.985340273571748	0.929517925890867
0.975183628678938	0.982661134932147	0.795121050113647	0.914801884715875
0.973479680644818	0.969573953940324	0.974377276576076	0.916284350138623
0.943280168608236	0.966760285428713	0.977417113230531	0.860708095146686
0.982683330087086	0.975717053513177	0.972797584299012	0.984335112861516
0.961544618491989	0.979812951477903	0.946236695118521	0.978904679300805
0.839642013804863	0.993096285415927	0.937945472541085	0.983005706385967
0.975470247837875	0.951748223373405	0.887941301299775	0.954060348267837
0.831420063841322	0.872787887803347	0.986700695499513	0.975354418511396
0.963883508348917	0.945889716464898	0.959259337256088	0.986381440213239
0.963346200694905	0.94603231036228	0.958742845487847	0.983576678192071
0.5498682555076	0.979027784310307	0.96015980468767	0.970064415965887
0.934588851269351	0.954431224479175	0.957947839840621	0.971831158859092
0.913824498086928	0.965967613910135	0.894956559347795	0.972040792302561
0.889842015001068	0.941430078216781	0.9790605358853	0.938845474131787
0.984311841487382	0.982545203410855	0.870915004009147	0.929568601535341
0.840590397602136	0.961770289862065	0.989275195235547	0.972237009036612
0.984485464731967	0.973419431658082	0.958689882424229	0.897499222065846
0.916495208646923	0.77792465997784	0.957710027445165	0.973741392658039
0.968498821118231	0.764450036379821	0.773192329912832	0.962403306660553
0.95709373453318	0.950301035703447	0.917058388111175	0.985694128228469
0.963973226157032	0.963165985778978	0.947882760151108	0.767352589128573
0.97419465823649	0.98973343923617	0.987995366714739	0.870545119110143
0.941915441374634	0.916945793179594	0.951515527021706	0.790442340323034
0.981473853506492	0.890337839885199	0.954577151169842	0.908085784304764
0.982687487519709	0.884859746136277	0.952584509293583	0.951450524426068
0.915005628738488	0.987183808696928	0.973146346016078	0.985875989323358
0.976959387063787	0.973277048293001	0.946655940880974	0.982509503447678
0.963729561700982	0.931630917577397	0.930980188359142	0.918687982287791
0.957990040111448	0.966768346956816	0.972219786828087	0.981747091540591
0.93931347410169	0.958429079951807	0.94256082155991	0.955105883509073
0.976538873496468	0.889862557798821	0.952442718370184	0.921317604341816
0.952130153876928	0.94803285254594	0.954579444631621	0.973798123371616
0.920999291779918	0.737857751121298	0.450424455885091	0.991184847005437
0.975330257643059	0.69036290596333	0.938114962559389	0.892599172165399
0.928453133549493	0.985436101268734	0.96242707520611	0.968288120589141
0.967366547091449	0.97507330585866	0.984157725899108	0.951048947017416
0.950655927216778	0.869337734326814	0.881084986849173	0.976526822748637
0.877548986810442	0.978858697299086	0.907724770062122	0.958524755367211
0.969924349212678	0.968935771482392	0.515568033125878	0.847536117657999
0.924905991463253	0.991879124304184	0.892889176936077	0.941428364781482
0.948775962920427	0.939146039464263	0.91209622867228	0.96001119162612
0.982332860112316	0.9427560602277	0.960312559442773	0.945583650343323
0.95506792989275	0.937797271011411	0.938240506721928	0.904847445210832
0.961985986536009	0.985760078354795	0.969431489205421	0.863405248144138
0.861426344877759	0.964381254685908	0.903906687142334	0.984624565047223
0.689885507238028	0.973359257625791	0.866414641443791	0.970398166407646
0.946620669990542	0.953808866309168	0.977446074547252	0.972111405953452
0.923629357336387	0.964480542778566	0.977455087682124	0.967818368917724
0.90260900171407	0.945355441016999	0.936031802166518	0.974481010529108
0.984085706456143	0.968658785866242	0.963408029082008	0.92553691379998
0.959277458927917	0.963424243827229	0.966521691750396	0.985935558069971
0.347659584306442	0.97810232919729	0.841940503557442	0.919656553989452
0.917124337412143	0.915465778517213	0.968699482642013	0.329527744174403
0.967213846770913	0.949348309576008	0.97514734753243	0.951978699084602
0.990719316633046	0.969608005414362	0.946601542508888	0.974799622396148
0.968834503520108	0.927826053941806	0.882178828609374	0.902930469868587
0.956924924938695	0.873213881506547	0.961844309533038	0.982584631188573
0.890016152512661	0.971864851404574	0.95885599406871	0.634584123002767
0.911808409475894	0.972156791118406	0.917126697334031	0.849861946167373
0.965194368521387	0.978800458064912	0.94075094076417	0.93194227100133
0.984984526560547	0.871525188635864	0.736313153082307	0.967680671943169
0.941905261060449	0.9859018154667	0.783484582154437	0.969805141313265
0.953489382247436	0.975178134415024	0.972615512504135	0.953128641584737
0.944260014380935	0.988629791025653	0.881828455682491	0.966039870862002
0.956135664964326	0.918255109954343	0.94002456073728	0.975397249431147
0.903181328522789	0.974432366526424	0.873387289899909	0.972529884814015
0.944653182312387	0.868403117705523	0.986812097014256	0.906012785177686
0.931175779668388	0.963387174382081	0.67147151203993	0.984806599285297
0.964858439005773	0.736670935443198	0.965540875168752	0.973067069000518
0.95540435073654	0.938391735009908	0.955662024784955	0.949595502565442
0.826398247240953	0.79858997531773	0.604836936283972	0.904784720509371
0.880070149567492	0.924101845236244	0.965579037440966	0.978288134203238
0.769798542950463	0.974310500354863	0.88014085525963	0.708370019421747
0.949797083675097	0.934281029745199	0.984089301674286	0.965296478159696
0.938847515606459	0.913018904367997	0.980963689402159	0.904832892369944
0.934008291656818	0.95417549830877	0.988831104352275	0.675229750562433
0.480459007088374	0.875358403248759	0.952005171444891	0.963161709870902
0.982706435476543	0.970568170759215	0.953400005116401	0.969235776236291
0.932980899032381	0.951067046662073	0.946713688844494	0.957175327088469
0.965361913165595	0.96782944389854	0.937629810427661	0.951466217095899
0.981967496619282	0.956757079870926	0.98856285170588	0.895819762136631
0.981768323013799	0.976320995410963	0.835240298514128	0.974030871920753
0.955356871771656	0.973635410047098	0.949111198238742	0.966817510394705
0.934614859899498	0.82186350983558	0.930371358178847	0.805473050947729
0.979530044224738	0.969000758519972	0.946760448600672	0.994151183851847
0.945225361877716	0.965787835212094	0.930534584138033	0.943283602956498
0.993456778866558	0.987677448379817	0.888397561893646	0.989665508356388
0.970262153601934	0.940431569781001	0.839382443461418	0.95816956273019
0.968117192209496	0.964329733768669	0.760515878588503	0.991259719098647
0.991149033338548	0.9744994376737	0.766787321505985	0.959137967736152
