0.970822868349973	0.957726124099538	0.995095548561834	0.990448760744605
0.995009158735358	0.987000622668718	0.993589788750689	0.988856744654233
0.993692156265096	0.988174493257997	0.985501992117735	0.990712158466298
0.995043388826654	0.978521814741734	0.997754323742088	0.994978926989958
0.986053202667941	0.980429013024502	0.993886504891258	0.995617182413189
0.984997359962398	0.99011678849126	0.995795325273837	0.994640212299279
0.995932259246154	0.996040144540068	0.985310730915889	0.9829851494188
0.977585336147779	0.986791971947783	0.992231921522847	0.991530788157243
0.99319411096053	0.98071338762628	0.962756077664328	0.970813198076457
0.994941864237636	0.987389263351607	0.998649426450194	0.986158875166269
0.996001789455222	0.984770305812765	0.984711528238206	0.996197908441433
0.974739819642446	0.99239014476598	0.994907355412723	0.993112929178963
0.98951601411668	0.99324979622817	0.975782290958539	0.994003151251247
0.98900389163308	0.992861367039682	0.994881566485653	0.994430664313283
0.988049795222551	0.994142448330035	0.998707395793262	0.99476194373722
0.994888252240863	0.987682558653635	0.993913620951992	0.991827919740287
0.993259663863088	0.993778258059313	0.975852849475698	0.993159782841637
0.988296067177136	0.992139060734928	0.9861925767976	0.982366865398094
0.987783099194765	0.994323674594952	0.991600661897614	0.990128835880579
0.993064838327652	0.996550927315457	0.992553689423849	0.987833236966956
0.988217730337361	0.997158529757337	0.989045217316642	0.989739002173097
0.985567741915996	0.974920654765834	0.993218897471556	0.997378928955941
0.982456036483819	0.98785137195073	0.992562497371727	0.998248330177568
0.978913841826433	0.988315245242047	0.993634067340237	0.982984486862118
0.995251246254691	0.992398995559735	0.981802009918056	0.973703146911393
0.996119029534919	0.986592198856966	0.992393324420804	0.962591795911652
0.99079699914437	0.995122278072767	0.999318632232216	0.988779299961194
0.998700959655501	0.992498319928648	0.983262795725934	0.998417792222893
0.991438828340927	0.995299146663759	0.993958246499313	0.986666253107908
0.989852399796964	0.979936791191162	0.987617961022724	0.995059700299953
0.990417316978257	0.97714232871044	0.981419248601856	0.969148804013839
0.980378868285088	0.98972260721951	0.992141697253579	0.99704823730183
0.994227333434698	0.990676525047378	0.995933162453757	0.982529348058179
0.996802004480912	0.986796454594486	0.996643659297395	0.99129810568279
0.987501870132535	0.970244427780233	0.98954093204098	0.996254023447694
0.997018635873097	0.983200555521155	0.998632146529519	0.994859493651982
0.982439412150184	0.981762687477937	0.989960711825036	0.992486973875246
0.961119503740432	0.986045455824573	0.975158142848319	0.997927552695107
0.987660786553225	0.981700464779854	0.98740783876087	0.988606433853865
0.995630375522625	0.998087496416971	0.954023838372412	0.995483695517232
0.994867446779523	0.986640618520221	0.992705495324189	0.997363691637423
0.98347559785511	0.996738309218945	0.989855122890267	0.987855004041421
0.993455673603111	0.996780955673962	0.992942751932118	0.994578433429821
0.977380701423898	0.994167693438054	0.972487551925862	0.992893858794775
0.978678451581201	0.992028200995859	0.995112914383606	0.977904838619441
0.992668644063634	0.986096898244164	0.989284127909849	0.992847295969199
0.988198151832998	0.986258826093691	0.975379104874647	0.987992147489793
0.991123604011892	0.983268302901355	0.973838565667252	0.968413316513213
0.988820092748248	0.997412835276918	0.985928907398006	0.99102008314067
0.994654127716776	0.990503549070322	0.994707571758818	0.991316977123793
0.974930646201492	0.993120805846947	0.966676630584342	0.984550206213713
0.99793739995407	0.991921198219438	0.991649465665062	0.992465439056467
0.996202460767695	0.99442334527366	0.977841570940192	0.984152777520803
0.995211717781152	0.996654771430057	0.994194909320513	0.992730850705732
0.9920130297008	0.991540430056139	0.990595627518468	0.957133939679808
0.986423314245217	0.995958146250239	0.978524229041044	0.995328252507769
0.977184170041784	0.998480513890286	0.97665337161701	0.988153002545424
0.976224596647594	0.994900118267018	0.981443240909274	0.992624949600247
0.995386982457208	0.94314972739435	0.993896283859236	0.946642118400274
0.996116255437569	0.996156076318307	0.993883119913287	0.991992619851732
0.990828782909967	0.985321985915835	0.997741376642414	0.987942499322092
0.987196002545286	0.987369057813196	0.99310897837805	0.984877797241655
0.988931378962696	0.995432400097648	0.989025074617009	0.997527081261236
0.949326802044687	0.993109675855359	0.981629257119866	0.981478982936826
0.984037499383376	0.991573905370466	0.980650784836389	0.989288485294877
0.993529037688895	0.998505075389492	0.982504003427833	0.997313467185834
0.995217876112374	0.983581195044378	0.990310195017393	0.983899496965205
0.99132225041272	0.977873512304472	0.995085144133061	0.960304363028264
0.97613475692798	0.995751056420499	0.991666543938495	0.990396385831916
0.995936665931478	0.996797526855732	0.992663023238025	0.974977671187044
0.975665246078	0.98660976153236	0.99397863166627	0.991732439888052
0.983200326744726	0.990070305092985	0.99559813681748	0.987778855955164
0.992416480363569	0.993018910840086	0.99356005913962	0.989455903636131
0.988226620079623	0.997161125291691	0.997331010457718	0.986169409545115
0.998372929939818	0.991465327256163	0.994196101087585	0.997260112765446
0.994805046141271	0.997822405456833	0.970733612893418	0.994389112293213
0.983820890427834	0.98954408407054	0.994570383625671	0.980624692533201
0.993168985791317	0.988123500515148	0.995294070446628	0.996031696712676
0.995224927677237	0.992421755051158	0.996344163536794	0.980006135285539
0.984544551045669	0.980956315806693	0.972775815578723	0.982732342399754
0.997358799881061	0.956911847803225	0.973384353449751	0.9892232109661
0.992503980826173	0.994100751223646	0.980144661181793	0.971880772948818
0.992816792570012	0.973181462046662	0.994832694121089	0.957958745099681
0.995729059115189	0.997111845253383	0.992042921651736	0.973639690127641
0.985512388247061	0.991970352097813	0.995475590514027	0.99186199908614
0.983407235231918	0.989634079109715	0.997536949707348	0.972728901802511
0.987843802500557	0.9906582510402	0.992087549891883	0.997625569350239
0.993230191973988	0.994761096775799	0.993897695111139	0.9874194786327
0.986964794441028	0.992898192692304	0.995125188787535	0.986525028609564
0.978707020548106	0.994188464615866	0.979929554432223	0.993604870564681
0.999174451271572	0.998730756503984	0.984968892027957	0.99634154972437
0.995297494864165	0.968581968412009	0.992282957412976	0.9884758156561
0.983538052555077	0.997030966336226	0.980905973760152	0.995016892988355
0.990871245904658	0.996731078530295	0.982346615806081	0.99758910485678
0.98273806726153	0.99592644248325	0.990393266012604	0.991313365188306
0.962884689723572	0.987870124751556	0.968212832787708	0.977784012728296
0.961793721736358	0.98535681766018	0.983932002457814	0.997082572919333
0.996200555403139	0.989385180366603	0.991700612169889	0.991902682313336
0.994563574196247	0.960056098302694	0.993528932531279	0.997460139989578
0.996306407795589	0.990481699174094	0.986197634288452	0.990872038544198
