0.859777769539528	0.978332377192841	0.988303875103681	0.991255135996632
0.996131481357978	0.989091996579256	0.987821483453639	0.995016410598435
0.990420146382431	0.987952531233049	0.992170151653644	0.970531317375364
0.98558150161983	0.964306542468655	0.993151925228797	0.968638664583789
0.985711440509273	0.973106780263541	0.996042801745806	0.975390215110629
0.995282978162946	0.990641319654829	0.996209752433578	0.991174259887657
0.996943262187138	0.99308183555793	0.986951713946153	0.98627063989705
0.993003975070394	0.990144800176538	0.995802244309652	0.992641929582012
0.991296143920194	0.98439863155707	0.991249493727525	0.993000802824591
0.943992876945528	0.987751834421762	0.996280786636924	0.990150228317608
0.997489019139757	0.99383014379821	0.994633801474239	0.996786489161438
0.988500807936611	0.989874697691848	0.996586529236515	0.963459635739122
0.989457399607999	0.981752409221446	0.994769236864076	0.929803442067355
0.992117539825597	0.989142884724356	0.976197960932467	0.983228168538261
0.99066328058538	0.990802535613612	0.986699679742534	0.974334799119861
0.996537483258862	0.990365945830896	0.996541620617444	0.988619577451206
0.989764341754839	0.982504884849785	0.995638865489496	0.987190158951858
0.990595041157767	0.987412646222226	0.980923617491588	0.98088283107743
0.99262085034267	0.961864654064586	0.982903201409614	0.972455548130248
0.973056564756686	0.955729489377728	0.963088049925991	0.98921988246596
0.962393750911275	0.986468045076808	0.986404407852562	0.979409279869838
0.97146637688253	0.980757763505017	0.984580809284661	0.985180654246902
0.993382479841661	0.992449766367927	0.992098103017999	0.986650943034647
0.99562878482382	0.963274920314376	0.993060858983783	0.979169727191539
0.974799721582457	0.988366908955623	0.995235149788738	0.981088207468477
0.991157083805489	0.992568311592082	0.990447505057261	0.989556760004915
0.988895737019495	0.988088515620176	0.966981552403831	0.980277474379549
0.994522931571824	0.989583901519058	0.986710342963124	0.991899477159341
0.987462879818163	0.962540455121909	0.990847465686326	0.986942035143313
0.988964466898582	0.993656240221928	0.99090127609901	0.997672302345829
0.98043376483105	0.99123227130255	0.970073763972458	0.949142577607189
0.992770865562331	0.991381803783234	0.986296781086329	0.991894483303676
0.972019126836863	0.982751096263318	0.994658089734227	0.955542011714848
0.992981389903963	0.989579982662878	0.983355638732339	0.99147366934532
0.966481828392946	0.978194066627697	0.98523469724028	0.982274817840964
0.984884704198086	0.993854193130977	0.993996282528658	0.982487747420034
0.995300216414703	0.981842698921281	0.935088449204986	0.995799121508026
0.990646166665793	0.993954290469044	0.995341597995123	0.975758598302535
0.979846633191775	0.975890791023006	0.97748845279844	0.980247248008439
0.990551162304954	0.995241983966826	0.988263571945596	0.993912774189438
0.983282847267639	0.996028879034341	0.990522864572452	0.977843781702734
0.988658587630882	0.986843598320771	0.986951560841829	0.988010504335893
0.964388401623015	0.960539287510911	0.98007576725733	0.960747598219631
0.997536397142255	0.998713522429171	0.995132276155893	0.992639588909066
0.989471531684819	0.978026185164398	0.916284299006109	0.96374427429441
0.990162323252569	0.997336691766046	0.990250467155376	0.969184047594932
0.995153665394884	0.987832550745252	0.996064621270672	0.991998315960897
0.987370043717645	0.98396938567783	0.993061278569546	0.955128780381275
0.994518709859306	0.990929048597415	0.989131195172228	0.988820717121527
0.988912874430646	0.974502871439593	0.978237598143976	0.988340444622681
0.993904810886538	0.993193502787872	0.984712248445879	0.992295402558942
0.990258122942601	0.992203376792169	0.992099762221571	0.987396641371761
0.969028661823591	0.976126723046018	0.992657934143952	0.980254792594574
0.992483720521034	0.97205322770281	0.995835360554486	0.997824498958212
0.971603853542416	0.975473818619956	0.976837729301459	0.985856735099591
0.992593419195742	0.980378230025697	0.994219170250921	0.979790557980898
0.98916975075397	0.984128024952144	0.995884275928579	0.998035485678268
0.942718191389276	0.984134522812899	0.984198829973774	0.983814065377739
0.987499870928793	0.978825180560785	0.983394692119366	0.995576291392056
0.979639712843962	0.987949918548281	0.9768117145276	0.981742962824198
0.990831380651121	0.994860877497104	0.989796185139433	0.995461080614583
0.963021186098606	0.989932123218414	0.965037703905194	0.983629647510511
0.969668137952077	0.983878194562544	0.995382201205321	0.979158820778695
0.987106084724086	0.965896947023145	0.960146561527346	0.983803922864272
0.990634631559934	0.962871397343486	0.983479231022481	0.986692247133464
0.982135269683623	0.988130470742832	0.995425591808449	0.99381989538824
0.993986605076897	0.989394870169881	0.983141036840068	0.965695708123224
0.982997252941911	0.99073989637745	0.956586828232333	0.913139005301386
0.987442451979297	0.994633835071518	0.994503983120629	0.987103082617403
0.992707669969533	0.987435709521772	0.979969910809957	0.96331964475748
0.984397232024748	0.989129905647518	0.986803343962776	0.957665679849983
0.994137467902252	0.995116276241086	0.992683232389375	0.987712778439345
0.991858457940606	0.994983482827579	0.982895346230183	0.988963968717194
0.993738097524171	0.994022738797706	0.977515348605406	0.983381452219028
0.988765512918424	0.991421245746014	0.995363886251051	0.997062448753183
0.991196204177371	0.986534139924639	0.989815580584071	0.954032967560701
0.949751291923687	0.993945232985196	0.996596996416019	0.988447108913379
0.96005544127425	0.987720955354465	0.957412240161893	0.989720253082009
0.988019061057105	0.996114297773138	0.989001269867344	0.989698226012715
0.979055726459803	0.986203991307452	0.953889239991802	0.761678611943356
0.994240775457352	0.993645360513064	0.994530482945319	0.983007545987005
0.989550778518355	0.988676768017763	0.996050773818488	0.993152594162732
0.990317620228775	0.990412627976441	0.993723077713764	0.996648302640921
0.990109955591772	0.969056438940641	0.98992880171669	0.988838710547965
0.990370402677203	0.983843189397359	0.996508386970113	0.976368550494985
0.997177203375158	0.983909461791065	0.994865579474862	0.985912858128975
0.994877810161085	0.985645968476141	0.990166696555969	0.995977402428734
0.995062402361828	0.972254196304444	0.992314188970355	0.992448312323595
0.977908227841193	0.989805941876417	0.989155649425143	0.984248933623407
0.990906983504558	0.959790727896887	0.971697411324013	0.986230045985974
0.967853970829981	0.981908498955424	0.997359004622213	0.989828786032459
0.993891969016663	0.96953371453021	0.961459159011874	0.961354340184092
0.985461649004718	0.986949374020508	0.967026641265394	0.979619826681201
0.981560901524962	0.979522884784002	0.992788751191667	0.992721819489433
0.996187947164511	0.987121048122082	0.980070014815167	0.972708481901693
0.992680907022872	0.982671163586322	0.975378532707043	0.987038355423042
0.957875837656759	0.96317544219526	0.992892273147125	0.963237987058795
0.988636342569831	0.989648948821681	0.982076156053517	0.988800418149312
0.99402961317537	0.97963106657807	0.998005045023401	0.964592461633093
0.990638234041823	0.964940439715492	0.989903781200199	0.97879499150559
