0.99836649526446	0.999476381446465	0.996038452018509	0.987204640708349
0.992532860777345	0.991323857468147	0.997225129134024	0.99579754476358
0.997842484983596	0.997822508178845	0.998962392034387	0.997542369353191
0.989403473804633	0.99914902948433	0.99727555292512	0.995435583136002
0.994209097992079	0.992768587104941	0.998810331773169	0.997761535778327
0.994812465601064	0.986216750392937	0.995782962750042	0.989323846047496
0.997354517487441	0.996440926648629	0.996281734305307	0.990725138822928
0.994736731476193	0.996432791979611	0.994297799150931	0.997706594950115
0.998263316812547	0.994166457710688	0.973520962410456	0.995991027702356
0.98923768986474	0.998188420853703	0.991963181317786	0.997519741357978
0.994494351677648	0.996221317615258	0.99679677705662	0.997005886017179
0.995196038918932	0.985950983235389	0.982479901164183	0.989985822053094
0.995635295789925	0.998941317747127	0.994383030025956	0.999027769846178
0.997323885807175	0.993392172850492	0.999252552184512	0.994447370818158
0.997527097504435	0.998966236773471	0.997733020107272	0.996750169334365
0.998827152757201	0.995334517201768	0.99869811123489	0.99266146706714
0.995392738636699	0.997327954537541	0.998787340646433	0.998072715967127
0.992009982457053	0.997654745334594	0.995475756891337	0.994511074495375
0.993331556932307	0.987604087339128	0.992265665998627	0.993763044657161
0.995673884954588	0.98887614553529	0.993271270138884	0.99319093239147
0.999197714245536	0.996718258093186	0.996451718925408	0.994745469500201
0.996064630700319	0.99676256200511	0.989984279042276	0.996501172248581
0.999040203414997	0.994501966127971	0.993857744355762	0.997452624075869
0.996828282422878	0.995625149886392	0.996892363807625	0.992704428114517
0.996521711901931	0.985426772882142	0.981175993831734	0.996811117757893
0.998242689309482	0.998301374187537	0.993579086447229	0.992472919543297
0.993657860750178	0.994841167278453	0.992831929587316	0.998632870510984
0.996460494464195	0.993568269244766	0.995882369730044	0.994345994754009
0.998373887206397	0.980819071410743	0.980492428798952	0.995656703778907
0.997697286803437	0.991999192459936	0.995890618920226	0.996264173894648
0.994891471862163	0.995383364188958	0.972027123300853	0.992470053227397
0.98819804700875	0.997400944674915	0.976607190233594	0.989015515697689
0.992254787773898	0.990869456704316	0.994346534275121	0.995469028470355
0.996563663250332	0.995328632740141	0.989450895515202	0.99630776020871
0.993329540029544	0.994676195752594	0.997366106957764	0.999010591699617
0.992163745943094	0.992249998334614	0.997157275135992	0.997463167128163
0.996015366141982	0.997398224703859	0.992404951195076	0.985247005805618
0.981151350249705	0.99873513832362	0.994414467175057	0.996723165940704
0.99394425101673	0.993268976031675	0.997338270325791	0.998146897092073
0.996593335374137	0.992126566036349	0.999382087684028	0.994771912116492
0.997655426269579	0.996439692470316	0.997979098541154	0.988925408983977
0.996106597911727	0.995777229864564	0.996974883536773	0.999375018132962
0.995578051194438	0.969481531169798	0.992504381308792	0.980787973535792
0.992696910529994	0.997578446443577	0.995573285738227	0.996760020892335
0.995213685400514	0.996555846576056	0.994683833527779	0.997502022401045
0.993217598933205	0.998843257482863	0.984714847311014	0.989931314919002
0.9973916162686	0.998618919057397	0.994984774677753	0.997675187124918
0.996586706556761	0.976910578352597	0.997932053308104	0.994324265771319
0.984413763315325	0.98880282791532	0.995147040428879	0.989089996939284
0.996364107549851	0.996438869978931	0.996099546259416	0.975790482728093
0.99865811995864	0.997663580216761	0.992288623173418	0.996578840902635
0.992082719372807	0.995402648487494	0.979883799341052	0.996111488869429
0.996017667210679	0.998291820610998	0.996104584763393	0.998040836119623
0.997741794729205	0.993974814566705	0.998075782303987	0.99589057692363
0.997458233289282	0.996815769927611	0.994161694069204	0.989071567312017
0.994746697709415	0.995495815871845	0.995837992945139	0.99487176954702
0.992466954697296	0.997210500436145	0.994377221959404	0.997955553897772
0.990877618213222	0.99771527400337	0.995784379181383	0.991312408093133
0.997933601940397	0.992959115308586	0.99817321680039	0.997053090956807
0.997521370375793	0.990533831674062	0.997739834052798	0.996593901521853
0.994141409973663	0.997028347283005	0.992775224849012	0.990827000665415
0.995175294484943	0.995347424858966	0.996271366735156	0.997939399944021
0.996268829412628	0.996889576036038	0.997176300024934	0.994730102777839
0.997056256026914	0.993189934059778	0.995531597820771	0.985015463635054
0.996430704505361	0.993693255434336	0.973105089655415	0.993884926631464
0.990151053431391	0.997906798752494	0.995544194503855	0.992667373094535
0.997083240422103	0.994755548157707	0.994153998391008	0.99636348362878
0.99077141630522	0.995583311137187	0.996603825133492	0.999034325974835
0.997521480370144	0.996105083204298	0.997523594909227	0.997166978381623
0.99732636767515	0.995339538350442	0.993290592474513	0.993842225874852
0.986483267984754	0.996246274400425	0.99670198658823	0.994824042352689
0.996850912026071	0.990463703872197	0.994664593710207	0.996982993127887
0.99820186687819	0.998584135794695	0.997896742713431	0.99284580288961
0.989897536922898	0.999162123907976	0.996091759607632	0.988784726369529
0.993234925177283	0.975795136129559	0.998259189313672	0.996025224741379
0.996843169410325	0.997283188951035	0.995518569041191	0.985978094146852
0.98649224310705	0.998680488681008	0.996137216465367	0.993795154345381
0.993365624708073	0.982365836955331	0.985919815502466	0.994705636037872
0.998568729530846	0.986850562269362	0.997317798767484	0.997522110039188
0.996030553794249	0.998289497563533	0.995355627889198	0.995914762320239
0.99823231139812	0.996236302098449	0.993672231305702	0.99932281318189
0.999251326791312	0.991294016217129	0.995313388063239	0.996645773132804
0.998362195129002	0.998627366713694	0.993356006580776	0.996416330033575
0.997471104675575	0.99752336126395	0.998368339954544	0.997951421964851
0.990958027991383	0.996296477946561	0.996144432425322	0.996788713186443
0.998006164226423	0.992425099430894	0.997122170695561	0.998539510251071
0.987722150166003	0.99767518455975	0.99516753218017	0.994183600102151
0.991023127304157	0.985357278717695	0.985845102334042	0.990648824830231
0.993341172072041	0.995224829256407	0.998579547445134	0.995196659989275
0.987547795272493	0.995271319091836	0.997640877257003	0.996170661203668
0.992789966814917	0.99771863499479	0.991131873895818	0.990991363383135
0.98512398134997	0.993715567780872	0.96863978286988	0.989525081006925
0.987551067749411	0.989892504136857	0.994841650665066	0.997452716889204
0.991552619226969	0.994053748349841	0.991918133279888	0.992910566318119
0.992424311280308	0.995796088370897	0.996353788454625	0.997752630373605
0.998204253047121	0.994260565508712	0.997281757040226	0.998289795008086
0.99710952819004	0.997948156936708	0.992916004181689	0.996175705630232
0.993879433622565	0.999297329520942	0.989447833444883	0.994255817565079
0.99932965283807	0.999672404143396	0.995376299171561	0.999214578654366
0.996509068773035	0.997203467540863	0.997181631171778	0.989781856705413
