0.997292221450491	0.99912811460889	0.998938429887735	0.99879978486539
0.999418001630941	0.997164226442905	0.99955472412972	0.998318768628523
0.99579043509752	0.998329460417576	0.998174568096286	0.998776066170616
0.996622697164215	0.995195029223914	0.999324401254285	0.998503271230326
0.997296298918927	0.995682136173993	0.997578438163015	0.999502205029421
0.998425837959701	0.993701676197016	0.998631979766868	0.99813573381257
0.998850938160409	0.997953361667479	0.993026047160195	0.998249104122595
0.99884334811962	0.999217737785317	0.997867022687213	0.99755582600657
0.996070375006832	0.998007410803593	0.997055308568638	0.999308944177561
0.996323557556184	0.997608294439555	0.99131772311635	0.995432076687093
0.998530234524452	0.998929679322886	0.998821574638943	0.999325022493843
0.995640234820475	0.988240473655956	0.999561512235588	0.996356343260219
0.999454643726575	0.997523267707268	0.999300492795496	0.99924734907997
0.99616940633792	0.996511889374186	0.998615357243644	0.998185221773936
0.998811628842962	0.998671937699617	0.997824733563394	0.998656088824291
0.998532331239628	0.991096934037013	0.999074958448335	0.995294415908418
0.999236720232133	0.998438384222227	0.998252963826675	0.994528559742586
0.996564811907599	0.99540664103008	0.998707894284668	0.998412281662226
0.994532633594625	0.996573981964102	0.998748377227424	0.999482379364694
0.99857447310235	0.996684720554013	0.999223541034853	0.999440065579449
0.998901219265401	0.997088409439052	0.996420966366009	0.997228868964863
0.998401751034365	0.999462858198104	0.995104010100316	0.998872964509959
0.997977046143109	0.997127368182899	0.998003721738723	0.998303604664695
0.999349424031405	0.99594969967439	0.998863689073018	0.997584250020073
0.995059931275475	0.998574098831559	0.997502489846463	0.998904599878613
0.999387231377085	0.998171863373392	0.997839283985362	0.997473327593075
0.998412536513923	0.997081266963133	0.999042041957415	0.99476228452083
0.998935846514808	0.998415280268858	0.998900556709629	0.997050673739188
0.999562296494695	0.997985826656152	0.996063829321757	0.995542311242393
0.994994509987664	0.997849039040727	0.996257550591819	0.998637180794892
0.992418738698707	0.996887172697483	0.999107401751796	0.9986550424109
0.997378721634684	0.999264135831823	0.998853815229962	0.997028555335882
0.996598046730275	0.995399293839937	0.999274004869993	0.99322377246415
0.995853953633094	0.998787419197506	0.99565011858315	0.999298184652838
0.996325292908759	0.997940697613643	0.999339988142386	0.999040680965616
0.997096872201202	0.998873974155635	0.997618314576079	0.997694848992675
0.998419962686521	0.995624306888434	0.998016517514866	0.998712983608397
0.997271561382933	0.998067528911645	0.996719626660662	0.999353112302937
0.99936564475762	0.997617847198015	0.998606538139029	0.995601056001303
0.99743513570162	0.999197797465282	0.999673314389553	0.99881956990326
0.998528387028347	0.998815610981458	0.997263217014814	0.991134491700049
0.996978079904217	0.998784055314114	0.996426736501126	0.999100028683564
0.997749119930173	0.998850401306416	0.997567947154243	0.998649406978619
0.997680332678028	0.997056556372626	0.993705458209116	0.998314480019641
0.998828337968084	0.998229616028646	0.999160848903237	0.998992187251748
0.997622570115238	0.998999920105994	0.995958625504165	0.997558984100305
0.997116953705983	0.998352949656123	0.998832346468435	0.998208226950475
0.997722556191265	0.998251326835344	0.994751854348233	0.998014268190252
0.997377516904356	0.998445224357816	0.995223685557422	0.996763964042981
0.994865750125955	0.998982973801976	0.994961081458428	0.997923455210208
0.996377986967547	0.998331078327219	0.996494395128112	0.998936566268731
0.998669260920919	0.998312187157507	0.998210725249649	0.999136864481375
0.997151898504093	0.999599764875234	0.996845320517595	0.999574389062559
0.995701074979318	0.995499383127945	0.99887659330196	0.998955119339619
0.999007018671643	0.997424456355918	0.998703932887987	0.998847703884833
0.994952027018768	0.996137155599042	0.998534071497331	0.998850895891894
0.994642366675704	0.998603059516322	0.999530866053669	0.998652155558046
0.999170253487869	0.998898550283208	0.998285431839381	0.997862002096914
0.999631448305848	0.997758540154441	0.99878635691696	0.998893426717242
0.998987998749055	0.995174142112683	0.998828947952784	0.998174664616392
0.998601347976301	0.997541670025728	0.999166678621326	0.998074335210614
0.998614249898623	0.999877443308853	0.997875397838553	0.998756207602443
0.99710722836856	0.99520323740029	0.995649661409744	0.996611989389626
0.99928329264857	0.995830610945335	0.996784699755653	0.999293689848461
0.996160205992126	0.99579889916134	0.997145214700443	0.998912573891942
0.996069501095868	0.997164426010634	0.996840239729759	0.998498428346546
0.998560784558436	0.998379457876613	0.99783679343199	0.999248341256346
0.998025211224785	0.99726353483797	0.997549538965617	0.99933348079225
0.999041087480463	0.999249719855483	0.997548387234684	0.999285197388009
0.997413357867231	0.997437143746035	0.998571030254796	0.99935932193677
0.99699107343906	0.999141093435852	0.997217132726042	0.99773690141227
0.997857182799071	0.999278427157637	0.997123507314871	0.99762901026498
0.998621139325156	0.99811114384876	0.998303295519176	0.999404973499117
0.998236217988767	0.997753691262356	0.998539089157095	0.99730447375505
0.996317271774547	0.998639934228902	0.997389726429057	0.998423867773549
0.996844087835705	0.99842888949273	0.998868617896807	0.996505551444895
0.994738085580202	0.998219490141882	0.99863262737072	0.993050025403993
0.998119843691799	0.997855898927951	0.998472588719432	0.997488563641117
0.997701943707689	0.996436304857968	0.9973724561097	0.996693695910887
0.998174693182981	0.998333686828762	0.996615727585832	0.994957023226444
0.998500448816161	0.998436320400534	0.998897427714066	0.999363068837991
0.996991055555996	0.995606569225535	0.996096369974734	0.998195626629012
0.999260828982949	0.996938586135303	0.997695198464297	0.999334444133375
0.997795425120251	0.998374504659992	0.99657330300265	0.997539966001016
0.998508642465999	0.996412311296993	0.998432981423897	0.996717340004
0.997289958651793	0.997673273818639	0.999531268155569	0.997788514383271
0.99550757026663	0.993960342138488	0.997246390132364	0.999211682281076
0.994037734386862	0.998488052527405	0.998686233855786	0.997734393437963
0.997939083193885	0.997992012004387	0.998533919129361	0.999058790917998
0.995968211784922	0.998721211994807	0.99517905569727	0.99587349604761
0.997705082598059	0.996494683544532	0.99744214951456	0.999684092154069
0.998435715815189	0.998928725484275	0.996234294382055	0.998933841665476
0.999048890940162	0.994454353656051	0.994622730015635	0.99546207345293
0.995670806401314	0.997919661992744	0.997004796185202	0.99870579828036
0.99723552985336	0.996138292821713	0.996846524004424	0.998816307994266
0.996195436163812	0.999529776954789	0.998244445227234	0.998986841134062
0.99935812266181	0.999622518844152	0.997994749986812	0.994541996308724
0.999246951937828	0.995384366706471	0.998932258100238	0.999075680078005
0.999696016902349	0.999059122182513	0.993907700377089	0.997139867396781
0.99964703626915	0.999318015712583	0.996955045009813	0.997955664608336
