0.992540125010116	0.984525646208421	0.980139064318931	0.988471552170595
0.980404660110295	0.984699373776749	0.994950032551966	0.976391144523215
0.989264719467383	0.993182194774559	0.988746752124351	0.987952775915248
0.987821233318981	0.935528154369057	0.990355169244493	0.970125984236062
0.971528539062945	0.988597458323869	0.985927592796274	0.989636527644639
0.996874299523396	0.988744094491034	0.987729174465495	0.991166945313325
0.987006456591346	0.997925802777078	0.967244393214608	0.992644407949351
0.99421967971031	0.992492847912066	0.990729080105862	0.98737260561959
0.996167687897251	0.983015880766045	0.996808661770802	0.994855863609217
0.992225936503942	0.971706319539654	0.987458207738001	0.978639301703631
0.996003041212201	0.994895353223131	0.994524289810452	0.98188673927946
0.987256346115061	0.986924415157043	0.982887891214457	0.996886501627668
0.991178427549094	0.976822208485903	0.98853422421274	0.984152999716492
0.99626350785728	0.979507102667076	0.990440290308175	0.967902808795091
0.974462846880324	0.989536065401436	0.997503894248737	0.990836385460659
0.972556412480855	0.981683540369358	0.978235266317623	0.987579337318826
0.995859727029946	0.981946058951552	0.977838990144763	0.994392919614257
0.990879056695082	0.978045580868358	0.988663573587818	0.998148866194546
0.996851213432197	0.986768138755318	0.990315537678862	0.986847430429341
0.991213714142732	0.978723032970927	0.991584489974091	0.993890343244924
0.988735565112978	0.99184567631898	0.996241541460722	0.990971075214338
0.996130902865539	0.989353903009857	0.995129896087165	0.992349032397772
0.988419650923373	0.955646958404073	0.987603528613756	0.986852201541396
0.977335022996663	0.993123754620873	0.992831070498289	0.984891182526681
0.988246615561681	0.990622485122388	0.995479633944933	0.988204163758874
0.957958764312609	0.971852524374946	0.990212273328217	0.989297296403288
0.988286377815255	0.979717310689036	0.992183148723029	0.97674567034637
0.995044969698764	0.995986632235864	0.987320391426399	0.992029507814558
0.993160877942614	0.990936877077818	0.973052249957596	0.992856084229174
0.989656194239908	0.988300852873616	0.990842597625466	0.990676595975827
0.979246351129834	0.995362475539119	0.995665398633173	0.992815495622167
0.981223841590866	0.980809851663199	0.991688613643809	0.989408380873002
0.983139771670006	0.995247094111007	0.99246250121064	0.994311328230995
0.990454905029607	0.976664786507447	0.988861678500799	0.992603084242535
0.990883257279516	0.991116631037373	0.981952136852733	0.987901998168054
0.993059647940784	0.992735195286719	0.980240945949995	0.983031756460231
0.97314692111422	0.975574816089618	0.985703634061291	0.98376281455753
0.992771485817428	0.980160433149223	0.989632143585162	0.988894919531973
0.987421617625544	0.988696140664588	0.982984743720742	0.992598635023734
0.973152962163289	0.992825651618802	0.975744956514606	0.968237736141057
0.993075076192707	0.983094044455603	0.996379954360742	0.992400159918332
0.996070110885419	0.990729552144118	0.98481174156776	0.989532152441886
0.992027703584868	0.986990688520363	0.995258714160198	0.994049874225133
0.857877477977016	0.985433897835276	0.870131562876558	0.986816862565225
0.991167593405402	0.99229409739837	0.990858168185506	0.993182684526722
0.958136619265926	0.991901504071964	0.976864080376188	0.994630273459233
0.99501597396744	0.995691859995185	0.992320286804226	0.994945911229456
0.991059298235173	0.991826081918733	0.996469778212625	0.995661827602997
0.971106847369181	0.996524035378	0.990463311495424	0.991655514535424
0.992227219927861	0.966317253616173	0.985823373547493	0.986758814900584
0.990816078598368	0.978804823814359	0.992884940346343	0.995917749470532
0.990109306714844	0.992683305650698	0.985553965812085	0.991590795707747
0.995346332091798	0.985826014449958	0.990900509415217	0.982581477721687
0.992615029430329	0.996400901073935	0.993359756000762	0.989807501483155
0.986789575935046	0.984484180965219	0.985746919462495	0.963837992685216
0.993224912125259	0.993552718892901	0.990562241140085	0.990308831126925
0.995464715884898	0.994310069477434	0.986966722740921	0.991438755182278
0.978555705574201	0.985281969516805	0.99136801098585	0.993949148818602
0.986376243364296	0.989614133896099	0.992671743609281	0.987657891143957
0.989143026758209	0.994838726866532	0.991289955249918	0.993960213484954
0.979310494407393	0.985307806147305	0.995040450485222	0.993640475088894
0.981412770214526	0.988656364375101	0.993301534077412	0.968450082319831
0.991915486142196	0.994094803024229	0.977860955066623	0.984926645979984
0.995920270722375	0.994272036539461	0.992523887526397	0.994619200591954
0.991446697515127	0.984161911999735	0.980311610956054	0.985895400389198
0.993658881762835	0.989724239253595	0.988240597462812	0.976567118214018
0.984863030897987	0.995058248118744	0.993466612787532	0.99672702485646
0.990223203387058	0.981567142704901	0.993071974950624	0.993155180874601
0.990212579074924	0.994682711893693	0.989098416688366	0.98848277237352
0.991100955741267	0.992683845658032	0.981376261042228	0.991596217713338
0.986753696255735	0.988345666907314	0.987357274149982	0.988914949005123
0.987434744502834	0.988258285246263	0.977033870066574	0.992033659423377
0.915288202505228	0.992472495052675	0.968376395054601	0.931362852480807
0.988663457816551	0.98848502524126	0.981620886868987	0.976843839862457
0.9916835575426	0.987480511760162	0.99240269728944	0.991769807746278
0.987741176379069	0.994509827960021	0.985975223639072	0.992053793690567
0.989410523582943	0.994874708835199	0.989276761640591	0.979033734217465
0.990353893914423	0.992484884824283	0.983852967411554	0.995110486433577
0.991312141103395	0.993730867691949	0.990251663403637	0.995345984787259
0.977188430107594	0.985089659921726	0.986530235455078	0.996439000947842
0.984033809075652	0.988629381880055	0.994739381705742	0.987830223027094
0.985552728169549	0.983046320133642	0.993728365354139	0.982586741673147
0.977696448584683	0.988454044798745	0.986948306313154	0.985799677942822
0.985798974626749	0.993385551001639	0.995679952734399	0.983801384151518
0.9982928053146	0.994396872300958	0.988825684464192	0.962520837210685
0.992445224092665	0.991997733276661	0.991028320493328	0.985224052338727
0.982439696130227	0.967695280069152	0.970958635032203	0.988959049732597
0.995493725845168	0.988938601552951	0.987514699728187	0.996275207776855
0.990829043756648	0.991273547194659	0.989937376601215	0.991339282045252
0.995677458153635	0.982265060136004	0.995359678610725	0.994355656522157
0.99068941181101	0.997359707899138	0.990133460658282	0.992196099678357
0.937787086100354	0.987482099346959	0.986640189273575	0.939211777406238
0.989102184668423	0.990686289567912	0.985567876654728	0.992907452206684
0.970101006556646	0.936675041756287	0.995374754075006	0.978272203836485
0.976815804350978	0.97255280868016	0.978089741364906	0.946268578174995
0.990558223107671	0.986567852174381	0.988897173517208	0.994601604961985
0.985132220610346	0.988422443537545	0.987891681343302	0.977746117550689
0.993166901872499	0.984559592582703	0.995495564694862	0.978361311155809
0.99163038552783	0.990041205398367	0.990219930288712	0.987619555111086
0.985812125042148	0.99048494406032	0.978842818915056	0.989571337998605
