0.985819783392298	0.99395500019166	0.990130058468641	0.992360451562847
0.987411533994918	0.984027694522334	0.976697264275696	0.986821292412186
0.983806439754349	0.988704573731658	0.977929318929468	0.98378767636056
0.986870423961513	0.988495370683288	0.975189742606935	0.991088668385895
0.989105401109777	0.954976210272445	0.986586367614628	0.994507987609281
0.971702344206455	0.991351177308257	0.983614369441263	0.98073954060232
0.990499086256143	0.988822352679125	0.985710096134812	0.998495377487296
0.99510359610028	0.979901990732581	0.994079890699392	0.982660255361536
0.985204090930669	0.977057432929184	0.993002404235939	0.986412788784698
0.993362919753404	0.985213303738142	0.980498696922937	0.959079659443873
0.978086463665683	0.988860569961198	0.989859714051311	0.934407881571668
0.979036197224027	0.988699340463265	0.971534706368742	0.990685868528237
0.965914069498808	0.982211537113204	0.970016876069241	0.99505625081465
0.971072631872545	0.9643949366563	0.985999984917285	0.98313600507225
0.987582227468869	0.98340564345537	0.976313661027641	0.969231874438531
0.99448338476843	0.988790720366889	0.992963142196191	0.991684211693272
0.974218496988902	0.98218106477482	0.963070184692272	0.984210203887956
0.987723581851464	0.987847429771609	0.983813332886692	0.981719681791468
0.994683983687229	0.987410626287486	0.988303630009897	0.995735131038786
0.984984377210911	0.994728582990828	0.988929210769708	0.989885141549405
0.985051861143549	0.993001129912531	0.99049173542127	0.990155444716006
0.981578299419354	0.98484532542633	0.964808731210491	0.984253481275953
0.983986786856799	0.992162436595503	0.981459184311025	0.986123221603829
0.981969419503638	0.982440587705236	0.944887348544002	0.987507126191023
0.990347610450367	0.988141401724674	0.982261401726573	0.984726698010462
0.992978167326832	0.982172509337501	0.974474641548887	0.964937702362708
0.967768266500523	0.974641144421708	0.980826242657847	0.969001619067332
0.988027450632166	0.994816540697458	0.988383250270611	0.960720694486247
0.995186946074699	0.989720935389381	0.987647780998767	0.965577599743609
0.986558626555227	0.979935019125502	0.993480763452022	0.979058339088171
0.97407086497892	0.970981146538198	0.983260495349888	0.989491119354464
0.979949077748558	0.986922006197745	0.988808665955014	0.974266497058755
0.982291025981443	0.985100634324546	0.984802388972443	0.957301342784577
0.987304028669633	0.993721506598053	0.979041785809755	0.977585876416418
0.980063055752865	0.970510918402526	0.98714311669734	0.990258739391262
0.974498616988933	0.982377594448261	0.980102675313268	0.991543348004262
0.982541987380527	0.99541090645643	0.996147056747437	0.946476192249577
0.984200465083237	0.977765183492929	0.993809950420812	0.96605957881707
0.946860063383836	0.987383865784939	0.9756758591746	0.959350191351749
0.986014306154083	0.992193619446827	0.993827183818043	0.985164501997065
0.97267982067926	0.992985718417257	0.987996670498774	0.94928222965022
0.982478810032106	0.976594398327784	0.993418122639623	0.975460241027203
0.983050293615337	0.975577462496297	0.992369033324926	0.983472260305262
0.993119226593069	0.975131471143892	0.985781638581305	0.972900960094299
0.988987974301985	0.977421566407614	0.986181018514552	0.974035184904505
0.990877053663515	0.939150980253272	0.977535383067306	0.933836146313114
0.987813516007887	0.992631092770256	0.981035370524666	0.952181107785573
0.974903383563493	0.98728286601162	0.989024096889087	0.984440066756213
0.992284763937467	0.990363652284776	0.992657869099456	0.931088124161032
0.985541562870533	0.993380082662658	0.984469094264702	0.986218517832739
0.991269031475653	0.946079864440137	0.979214507131625	0.991440160174497
0.98597690342195	0.970131215192172	0.984017460716276	0.979425434759379
0.989605679750494	0.991504052751424	0.989752385313233	0.982781780438758
0.983858834318754	0.98799440876862	0.986225705753419	0.991924159667193
0.997092964811449	0.939115790306697	0.961882117973602	0.96940375847926
0.977544722794652	0.98702303547857	0.988572735384426	0.977211544421481
0.965741484666295	0.996195352174786	0.989826132003671	0.987809132416542
0.997462707905311	0.975042796629368	0.98718024472219	0.967738401782462
0.987078282623808	0.966168503905783	0.978438167636414	0.976553774402441
0.97524297556368	0.971663378706736	0.991939708327516	0.973204084927132
0.969716525271474	0.978109318000049	0.984804215013083	0.99110884805923
0.984783754647313	0.986896256074295	0.993470752662482	0.976082427366389
0.984392651008607	0.9868174419702	0.966158872712253	0.989654719330223
0.996473785793132	0.976698088317584	0.980170304442354	0.986385785171067
0.979521606619005	0.979194395653452	0.995205076564349	0.975625047675344
0.991680051630544	0.992000761922561	0.940396622507696	0.990288416188301
0.975339749584777	0.989049867405797	0.988579396816003	0.922041187836069
0.994763263884286	0.990828390188046	0.989708164587451	0.958164255961987
0.946134350875093	0.983594795653114	0.982626476478896	0.97519957840215
0.988982688283245	0.988487548440203	0.983009176731833	0.970889481157677
0.987108443927133	0.991002031938675	0.964690121321167	0.982409986641068
0.979187120482118	0.997421288726606	0.977436511555169	0.986098772439676
0.987619276986585	0.993634900245215	0.973958783401892	0.980592925501524
0.975162071192686	0.979450370634896	0.959189180061156	0.976361195452879
0.987756345259605	0.982437237526422	0.981936563817371	0.978536206902883
0.941103328642611	0.990045933480243	0.968884856856064	0.979112272798507
0.982396029510799	0.990113323787117	0.987195049121611	0.935902820567381
0.988911623863007	0.994424848757499	0.994995663382176	0.972356019610825
0.96238130339789	0.975867491303157	0.995700748765703	0.982550029902754
0.980560882710093	0.988883063551422	0.977795004753503	0.959341151654376
0.965971409850986	0.984776004267767	0.994145187358484	0.982104259147405
0.981844804044632	0.994600010406464	0.995572318591402	0.972198237029068
0.974969799704702	0.977637875728904	0.986912188816234	0.992463864770747
0.973292621111841	0.976503282814287	0.977348641276149	0.984474285849607
0.989417021159462	0.990798510449965	0.978856893222529	0.99030870084834
0.991815595508893	0.980867583574603	0.996012892676554	0.983819235950741
0.977659011172151	0.99551676703509	0.974670368977138	0.970965678771524
0.985833494292435	0.992337143695888	0.983856488041594	0.983220345743669
0.952677535424219	0.955555252044576	0.989084562975287	0.975987820571968
0.986075201934703	0.9702384680729	0.980071504504936	0.973896690257321
0.988664671423191	0.991912506388466	0.974364947318851	0.963006553015402
0.996379063386872	0.966280927570505	0.964628275161993	0.979933170487889
0.973292401936561	0.986448860213689	0.98621792141759	0.97303382141062
0.991331279655967	0.958767822016895	0.981605487315955	0.981357964517653
0.993104954091045	0.992027726428436	0.975030404922526	0.957281463683297
0.965301071598484	0.987514691719354	0.969429316705766	0.982730900713534
0.950926069600863	0.948844815609022	0.984614668829771	0.98550758947883
0.989246363063985	0.996665121130733	0.98218858607245	0.993656947367646
0.982621370518235	0.991955382332095	0.987441008576676	0.982162987427106
0.980955929969159	0.986262828269615	0.988578362718009	0.994790632858893
