0.961005848633977	0.929716778379686	0.942028874298474	0.894097808226318
0.983699470549183	0.867784516056153	0.962592279256251	0.974626934375809
0.983823170460245	0.975403325946151	0.934481580107869	0.965935540770731
0.958352103110662	0.897668196545656	0.928999915428078	0.899215684215745
0.957520907720366	0.963397529585584	0.947264009569531	0.938222748524757
0.975065848894791	0.977890519818814	0.928697076001766	0.97072287646513
0.941106857880468	0.949950032494125	0.968798655311861	0.987641089367772
0.972688972185026	0.994826420986702	0.948362225933905	0.850765845906405
0.891849343608536	0.87393636485519	0.936340542512875	0.947147579539271
0.928711212460733	0.990803439954374	0.956446045349972	0.958954542449832
0.957198838018978	0.98052396220197	0.930194279960651	0.97788057775737
0.94561771007124	0.94735194209954	0.980638301391803	0.947588957142675
0.953536887948527	0.97630062509662	0.887159476207147	0.957454129183373
0.882777215263378	0.89919619640698	0.898101908457437	0.947473122147486
0.937290273173078	0.957195911503973	0.855785071552497	0.914063699803683
0.976210581330921	0.960806311428304	0.8659111352855	0.94578928654327
0.917349861111007	0.865814211210717	0.922933136968562	0.902305205834954
0.947207052249356	0.960239998317772	0.959321840797623	0.952758520256284
0.951263314323251	0.869577269120535	0.84460581108518	0.953555725862744
0.930304215896535	0.984809186300858	0.98178422818744	0.807572128182937
0.962783051442631	0.966061821503675	0.922901939308427	0.98458410697495
0.932489980092895	0.917502724028249	0.902973310942752	0.986423436779533
0.924336790363479	0.885121641307584	0.941328217764159	0.959887110213984
0.947530898123432	0.944138724976284	0.7145273797034	0.886441322830632
0.922298624749667	0.990281028010839	0.951216728339775	0.94475660424862
0.934014305311466	0.964562354824642	0.921478856365888	0.976256733347337
0.792568930382842	0.911804634140994	0.958747435573283	0.93306019642522
0.938038105424871	0.943389697962436	0.43993502998074	0.95452681778888
0.991463010580536	0.981491901989808	0.947571902170205	0.947313698121547
0.960244798515886	0.958832649794516	0.935305459105391	0.988047356776189
0.90680416561178	0.928221330088645	0.972055624858643	0.838502077343425
0.958629800454912	0.926702519107087	0.527859752494501	0.68286825502326
0.982909081971842	0.977564273587791	0.964639565979726	0.962641120074224
0.984693779139608	0.988641375199926	0.982434310427138	0.989997195365698
0.985436157654959	0.943279717725903	0.961122549497062	0.986304551700931
0.940100428814806	0.959499253714703	0.91095671309302	0.633065866858401
0.970189629826106	0.980579249069735	0.952971883030451	0.952801032717598
0.905513821732303	0.91861079843672	0.972080334699408	0.918684518940183
0.944597843065038	0.963472477604274	0.966576733659359	0.941643918341526
0.919731414468696	0.950590094886341	0.960052909765812	0.940058534198684
0.974857131361279	0.931165691040089	0.950988955270359	0.960115745807297
0.937110470502034	0.919915178965617	0.971002089171345	0.957619428526559
0.964392161738268	0.957103242140427	0.984277768757386	0.986803801058653
0.941824213852691	0.933798788464756	0.816797559765098	0.936801926860616
0.955226436007614	0.970062243481252	0.978384758451898	0.926678656988041
0.957655867842327	0.928276769438092	0.966747437733671	0.967482432487822
0.96554200464823	0.966894725260493	0.938340530327182	0.978346806010755
0.942559178625858	0.986344301316857	0.988779071407471	0.945582925322921
0.935337390788885	0.948880476025767	0.970049748386531	0.935977457014458
0.889454315035314	0.745463249359608	0.96816663816939	0.936061531183087
0.973470508837436	0.983793542335114	0.969623033781511	0.971643950099447
0.964929694632544	0.964987633267152	0.9294392239301	0.915119545433713
0.898409475789167	0.955266674437704	0.871183533518848	0.937987684310151
0.568626957309141	0.92565255431919	0.938981021409746	0.760402445362728
0.973291022771256	0.979984153555705	0.962970234857919	0.953694610183332
0.973116324090336	0.936879808833696	0.969982220846211	0.892089764375023
0.976835026907329	0.980707466524877	0.980904319093379	0.937681315848063
0.871520090062037	0.947976930716598	0.899759871415429	0.855552077368802
0.965715402143667	0.969608698926161	0.953880263464806	0.957214278405147
0.978418563811384	0.987001818155636	0.947796156448921	0.983460403118321
0.981246997835503	0.898062007009095	0.983063186121566	0.971629052567422
0.981077530238934	0.951919600156207	0.948661471223932	0.908272097885885
0.964218627807057	0.962248393036832	0.854978137173288	0.903706361315535
0.984006934216308	0.96376509990348	0.917719802997924	0.957701842696011
0.958009132223886	0.944667191024295	0.983234383484337	0.975506975143959
0.937862282029867	0.885865938144378	0.959733032001881	0.952723081709101
0.847078409480236	0.939206641637973	0.946183376453756	0.970231733608136
0.976007162822107	0.948231799420146	0.953570312607168	0.955671134254512
0.961703063682425	0.981471112431867	0.993604382842868	0.958105506937013
0.8171867815381	0.905892569041692	0.92394953324453	0.826766583643561
0.699718230031716	0.947460260394212	0.963307560348711	0.944335096874858
0.954645434071447	0.886034981782911	0.958042497787428	0.93240937499598
0.94296640376044	0.931880806046836	0.929185967015082	0.953234440837093
0.924357378328804	0.963365478802645	0.931823993834704	0.929343789432861
0.9688363068022	0.96339110768997	0.978916835596645	0.971937468974694
0.975952224965944	0.973263933019798	0.937303012771276	0.961640051409303
0.961892226238751	0.981277836193103	0.788682606612965	0.97182469146342
0.952103038836298	0.880365168085353	0.812953973259773	0.97775341068756
0.954430056463804	0.965039868782192	0.861875585720508	0.927704686748792
0.956743594714549	0.959335269673081	0.989517734306159	0.962531769082885
0.959086173011136	0.90080018729953	0.980610043177753	0.966922385198888
0.707774788018307	0.971148375665368	0.840496093826111	0.944873296885815
0.887548598014216	0.975346746213991	0.890005053210733	0.985308796620783
0.905335978968342	0.965570861195857	0.967980460810262	0.817068222900433
0.957483524787047	0.930448991993046	0.970260473855844	0.909000897284077
0.880498394510275	0.96646930368641	0.702024661074143	0.972180177664974
0.976472234820637	0.970318494789834	0.951434766200204	0.917754982459077
0.846546736324819	0.953780774209639	0.741380441963767	0.956043500759028
0.98427370783688	0.972968691075563	0.976810801779467	0.981688327911351
0.978173848528132	0.968208100170223	0.984590172889091	0.966615468199185
0.954961422827446	0.971759710269389	0.966974711479565	0.970401813343142
0.939914175343639	0.713896824412287	0.789381012992127	0.834855476362376
0.903526474322672	0.960017224152002	0.880004314965472	0.969114810663956
0.972501524551276	0.958383858966939	0.991808835754467	0.970758285361858
0.914914271541672	0.935174933556886	0.977799050540143	0.98943079952229
0.817959900009143	0.853275788724273	0.963060309285394	0.876752569551016
0.991598761996186	0.936707295534618	0.983402241921845	0.96768477040911
0.920288708871871	0.975413540322731	0.874898606861501	0.656909270183888
0.978116080882045	0.960952489693489	0.965795393626397	0.966126038641402
0.982785158594486	0.970477548372175	0.908307697581358	0.909877124294307
