0.958897431706606	0.884679570800874	0.867298464494109	0.967961346179693
0.977783739445179	0.957460133097401	0.936441271848993	0.96074180408944
0.959209595534687	0.915398502437502	0.92420094038004	0.95324494475392
0.775122175271656	0.977147736041589	0.768260185666882	0.900272744013563
0.926897090548092	0.950661368946172	0.925092959947963	0.988481039921745
0.926099689136173	0.789233828150532	0.941011543423754	0.933870385357211
0.672573423308685	0.704688405743295	0.976837497392908	0.960313980620548
0.940669335460606	0.977487290295242	0.955972182846051	0.982683577071455
0.953930146257398	0.965035640943211	0.893199686690327	0.982290598825585
0.968164831133491	0.920607081056575	0.936996643901235	0.945608126430588
0.958434976102682	0.963017028156728	0.975702442562196	0.976892069417102
0.944078589300398	0.969608756622522	0.926699633942456	0.96440272659905
0.973166122492466	0.957862039618952	0.941261419956835	0.930807345010595
0.954376871339708	0.946921450550463	0.952293021670968	0.910960105898128
0.979763114226954	0.896095910772217	0.874750326786709	0.969561130935907
0.97537931581357	0.964836656126628	0.952380393990062	0.89710187301258
0.951680533155421	0.881397226082418	0.80303708106159	0.388858653112646
0.939496792303845	0.957260656191436	0.95028840855861	0.929704232653218
0.981147325035761	0.886023560341009	0.924219990673628	0.968172110246065
0.965924769604727	0.960269394801932	0.97704139890332	0.932426300585467
0.831645117338609	0.938012585953172	0.98455050472662	0.884153510481047
0.920501700617511	0.951193880101322	0.96632538237888	0.870204680651664
0.968346110904406	0.979899338984336	0.955366447802582	0.826984176611232
0.905610311055814	0.916656767179231	0.901118395752431	0.958873650567828
0.983723450434113	0.976987497008881	0.986156947475262	0.960630312310584
0.945228354090783	0.956000470349443	0.919743765836118	0.962288624655812
0.979866189977991	0.952549028958906	0.886699096674646	0.947115282191519
0.954847379030587	0.933344461200184	0.816027604191218	0.884511186821281
0.97255606791838	0.911078958574908	0.9598682619713	0.95637458548827
0.928957388592127	0.929352641481514	0.98453763346518	0.897562812842795
0.714660882709965	0.935970699364645	0.841688192907225	0.619493513483379
0.866452259453055	0.99346012527789	0.918828517970512	0.939306541916909
0.921687896126864	0.92501860050826	0.953661003791584	0.89303139103221
0.994366121207884	0.965811076167372	0.945938846463805	0.973851873959134
0.983507869001647	0.871363156338966	0.927868649299843	0.958806872767896
0.916449164234006	0.913304577439516	0.973319035208219	0.629207669445403
0.97018158444396	0.875227398914683	0.932764468562286	0.943207240807686
0.983145721290047	0.948153012627857	0.923702027273612	0.973499587523029
0.779991699596891	0.826899197614621	0.904285996274017	0.958112916787136
0.986154863105087	0.94649448840172	0.914378977708846	0.904486629706948
0.845190883386797	0.7757325119762	0.726006060231956	0.940693905369148
0.899092638294594	0.941834129903162	0.934716279947043	0.932932795149416
0.848351908556759	0.983614499332821	0.951643733303998	0.797989156562784
0.915855903584063	0.942827552774731	0.971215761285055	0.951066108043467
0.823318086813502	0.966799650406017	0.964238889638921	0.936308142159627
0.905049878203279	0.946258105772393	0.962516041836364	0.783045829773222
0.906498629872078	0.96324038739287	0.95398734804274	0.935190710762973
0.947258686092699	0.983443816329278	0.969650848554727	0.964079784641513
0.968451972790155	0.888463125924526	0.976437504261156	0.948358378241765
0.91964478678421	0.953038320138619	0.947010697742477	0.913549419652694
0.957690857956296	0.937857774078741	0.940671101317562	0.909304575556922
0.950754230503169	0.638887196544151	0.933392624166079	0.958990007044961
0.958111302298301	0.890270856177552	0.843965766541635	0.701320598638436
0.884748144846711	0.954701405645323	0.961323423665818	0.897345164994621
0.974353572337127	0.955652089872475	0.959197303042913	0.951754799043019
0.966426553813396	0.951071440150807	0.989620766238998	0.914998121446151
0.922502971738659	0.98369385796741	0.924335847870925	0.970969069699729
0.926407211334026	0.956445829228637	0.983312498732164	0.935489415545893
0.961060472156441	0.947417504656797	0.890804003752077	0.927590934620721
0.865670183479256	0.97273285482109	0.922286623030212	0.937122041916587
0.966063202275001	0.784946915363855	0.980463755759273	0.926054030276091
0.95399380412468	0.956831369559511	0.927314373947896	0.979951355159148
0.915172364405779	0.850417557327608	0.968497258342884	0.971911376728538
0.971860059786043	0.976252509755827	0.911012372285146	0.9660491408772
0.315972530289687	0.753138215274684	0.952402299164154	0.835007584691963
0.91870842143285	0.922976249988674	0.94932148885276	0.936864623922455
0.903174426529433	0.97600205777096	0.967772550158518	0.986414615785604
0.923109388820072	0.927870914870753	0.96783183722847	0.972414491590782
0.968379302578501	0.954716387168361	0.972194563334556	0.976517546520925
0.919369986185587	0.963076091638657	0.968590091726876	0.929003961034891
0.856883898828917	0.974662612355202	0.687240008570572	0.810440156077053
0.955127962840594	0.905709727158236	0.945044325693821	0.958521061329778
0.939487080884991	0.956672836919491	0.969806600615737	0.958871907931635
0.837139269253174	0.906339394982848	0.885224437860069	0.938952383617995
0.897629247682342	0.860717375337367	0.959935093854898	0.922920527775736
0.891407870479161	0.866219772026532	0.951512825626108	0.923080828328704
0.931962493268859	0.933792841425538	0.890320039595208	0.910827177573331
0.96202462118789	0.974409787238112	0.970171922501359	0.9711552884895
0.979004652075323	0.958359841502281	0.96624690775812	0.883169107940461
0.968278345931114	0.970327480240339	0.958096461401198	0.978231390673576
0.909975623235671	0.955029366706254	0.965412878976644	0.77623673079251
0.985558499963837	0.905252056696066	0.945564317955978	0.905994237488965
0.970354699276732	0.971097342197421	0.957928040230324	0.954706924865539
0.96534309087214	0.934471558724233	0.850938333637085	0.968233790130701
0.980598470558242	0.954230544094662	0.978841404074826	0.960999760584554
0.944840296063247	0.941423218337337	0.978453188736976	0.972089894074189
0.64225052341631	0.773285634960826	0.956050557870558	0.909079694821609
0.945018618018558	0.93315997143238	0.972353564100995	0.811547689401075
0.982437700516943	0.849286085879702	0.820161851484008	0.967634345075988
0.953664478396647	0.8141249721814	0.63203700837819	0.944906694045991
0.875178969944305	0.980614778062631	0.968365874101241	0.954972611902888
0.930808905523647	0.852369649790879	0.971209486873375	0.962273545603529
0.979516582732323	0.820555071122633	0.956473633219544	0.861305379015085
0.902887712748806	0.986023417639937	0.858227443746188	0.979064776944976
0.954416398896051	0.975188083065457	0.946076837814724	0.938173542750498
0.915685552951857	0.962774001635294	0.959670981372903	0.764027071701437
0.980415343974843	0.953144459035063	0.948247803214507	0.969379174270697
0.942190062754816	0.933682729182941	0.949560927452354	0.940277826539935
0.949934496704835	0.895068273532322	0.982343260856766	0.956862277155042
0.915564529395031	0.867996772741067	0.970081849310761	0.786811452109831
