0.864442633287022	0.918313349309873	0.85335571277552	0.924136392548573
0.852192865561757	0.973162873233688	0.701405218870405	0.970361328139742
0.926527416748864	0.924289953521594	0.966827296911121	0.789830034235384
0.552431684505729	0.838201090410044	0.907019816543655	0.795395711462938
0.980149756414704	0.96919195869658	0.855696564567625	0.942210942677839
0.935893218149164	0.859488470057042	0.941035659561221	0.949158961039992
0.515489866063076	0.623057897336996	0.95752577021038	0.884535675972174
0.714184686329955	0.709947823290688	0.840455364932781	0.826422279928806
0.904397315676037	0.742054162885734	0.921779008327122	0.684133749129545
0.973338115821574	0.944373853947161	0.918357144041442	0.911903423576253
0.940443213343841	0.774013908020974	0.948424366635155	0.884487270614768
0.908165603050565	0.924495935763793	0.842389608418477	0.881673094697995
0.867623473336159	0.699344834778551	0.703292935068794	0.667805908840409
0.914292744458578	0.582235750094795	0.649046588622484	0.915905246588204
0.933252831129694	0.943388718785354	0.923776812599036	0.908171522422131
0.932489085383324	0.850122573229507	0.936630723823767	0.824436253420696
0.833251142635575	0.726804796947818	0.404518923937945	0.938830917510688
0.691415774043563	0.943705471951664	0.969684299000838	0.834737541542562
0.812471486457964	0.918605491041153	0.920773871947951	0.971564287078812
0.930202633247644	0.94575272694563	0.917209291950208	0.905181028814947
0.952697663033138	0.936652805170163	0.695506100026332	0.672322215467975
0.930107654541598	0.739524192397334	0.809199486793867	0.542097795817551
0.78062876141658	0.921278781811902	0.900244246799456	0.614100733367983
0.596090106300262	0.910295645356238	0.804138962110099	0.942996324662478
0.89011389959481	0.824282797472261	0.85473472094369	0.930210066474499
0.918600689073048	0.944030582798131	0.979892108962478	0.933476579678088
0.754985884014477	0.913955011884086	0.606471737091779	0.761611437527749
0.970839247756965	0.952542753573171	0.644677462523643	0.886904141147223
0.893031680014637	0.84959894862431	0.901199825814257	0.791386971540388
0.914118622679173	0.85105638083376	0.268254320134486	0.795294492337936
0.890585476538064	0.714296074115778	0.787788874509645	0.933285015921846
0.895556604023068	0.942811500922538	0.971475273308353	0.95490510472149
0.943315076824902	0.949352799359122	0.659565199080773	0.923738432695689
0.762647633655174	0.733582933340594	0.939162523619255	0.862782025217448
0.76448053329127	0.92490897961675	0.74564784686316	0.764939402580778
0.931092434278992	0.986173278858872	0.924213207347434	0.855246908612692
0.93924188507626	0.738377000257801	0.931191346249684	0.941270605134904
0.928998612949637	0.936826456956047	0.914230412929575	0.855577878792271
0.783610304427698	0.961759025822752	0.914579526844894	0.548847783746923
0.921339254330088	0.889055055823912	0.941147052347511	0.950820219379706
0.860360743484147	0.961013632814615	0.897216767765403	0.917262063098762
0.784319887401297	0.929732818834927	0.924591862154514	0.856625660434837
0.880731838481468	0.905673482522755	0.807265121960052	0.966258763839759
0.788009330177242	0.676755128049498	0.880455385360853	0.870104472940842
0.83277507168901	0.925931743804151	0.651682302399723	0.932278820620659
0.549952536025438	0.729135429369329	0.9113571853593	0.55315919443598
0.70003719669311	0.731456841436609	0.925610734050035	0.825876297392602
0.713273465261444	0.953558620606105	0.773154123262562	0.658343804758742
0.865732098253324	0.614117036253345	0.823582656530014	0.824691081498649
0.941414985581398	0.914905733678297	0.773180890588314	0.828686541529146
0.866840294457042	0.959374701272396	0.958023531080756	0.936868721148184
0.864182252270648	0.886093670427688	0.977355253454307	0.204729350575867
0.762821840198602	0.851945313843259	0.824072796394652	0.958388921558611
0.94172013474569	0.767264325791204	0.932401982088619	0.924594092236423
0.856149030205342	0.928434864973394	0.9391178158923	0.839413658465172
0.851045741965492	0.90788704370892	0.869584965918294	0.805484014090768
0.879635291828652	0.975912264535796	0.927880293401771	0.883170597052175
0.847908218539804	0.935820997621208	0.886578702624792	0.537511227090619
0.865313542012915	0.429780248191959	0.918937077763024	0.905666096197604
0.886420165665298	0.884667564838708	0.696895533401208	0.741668068793185
0.918919563083226	0.93984727369559	0.348387772484397	0.863815411492251
0.909166631181003	0.879716078985292	0.93258438625913	0.935719635504192
0.931017896446176	0.945988890956893	0.913548519704037	0.870797861823281
0.954921355145181	0.922080260700734	0.792784729189066	0.44577711076412
0.935299189153339	0.887221492319897	0.916211800458078	0.833061877235132
0.970001950192242	0.805206492379124	0.81043033305254	0.941216907862451
0.962853011185709	0.82252827274783	0.4568123718149	0.793811943478491
0.885099895150224	0.93493021744326	0.588076875207832	0.891482343672152
0.898120096276427	0.902345233838981	0.93686811300042	0.904767597631337
0.844120910948485	0.73022318579495	0.8905317706487	0.622973559968055
0.835798224696236	0.894330973012919	0.779911314344388	0.882359216587226
0.950001012265533	0.918334045832571	0.954676738341583	0.968420970652537
0.559506835156453	0.862153646589579	0.856437146666284	0.845524586905097
0.830275812557093	0.912640729513444	0.831935291641531	0.936341970106456
0.928374459466906	0.97772920177875	0.915793402130409	0.95213008731148
0.280878187503685	0.983963435067633	0.95628979947408	0.762060581600782
0.883503756763077	0.846932624407712	0.907382759599649	0.896407617671066
0.759750031127842	0.799582084662645	0.814959650268769	0.975059953836008
0.833116752115695	0.761620660598962	0.693728435029348	0.907309374945599
0.971622424751396	0.955775547840289	0.805081801495119	0.869291224314698
0.922233537606955	0.795972391627595	0.874313682613326	0.909712480467937
0.907454697619356	0.938429496790404	0.868950800136968	0.917053129381229
0.964514018975071	0.84831096983944	0.322707292024824	0.925484582642583
0.698400221854422	0.728935900619162	0.908800402588663	0.949691933701048
0.849608191697886	0.938159648857365	0.887792791513195	0.710596336320268
0.910641612231342	0.932962115193634	0.312864960846992	0.871222015718143
0.877813533064094	0.677793359256331	0.897261297451049	0.863125339541074
0.847537398482414	0.939605304110634	0.931132049832958	0.944968292914697
0.886038470064751	0.765555514220047	0.913837183666024	0.526029320053079
0.948366240649654	0.894106919095289	0.543976565908298	0.929535016164241
0.882620007570647	0.57966202508689	0.729749695230242	0.877326126405371
0.828851675254146	0.89837190249319	0.958426695662454	0.903628648436538
0.761409958361428	0.8653283422346	0.906654521208891	0.963282455484047
0.898932881665358	0.960805651082947	0.927076372852857	0.955191602538374
0.912149603089988	0.731448899636804	0.807387638821729	0.648439447026648
0.939780448717389	0.430213010857127	0.858957584577352	0.960974992541553
0.853092923761203	0.847700408390209	0.951750618319634	0.8712162679601
0.810869166784304	0.590307107785716	0.912154410870419	0.777027480759105
0.961666426082188	0.946076784945531	0.46846366123205	0.581822719371626
0.954284248025284	0.630437213848156	0.882914007052717	0.960812149072292
