0.878703887650494	0.869505106872218	0.944340950088644	0.902209595707811
0.833311690432574	0.926521731021433	0.753980864178734	0.898716090584627
0.866109252721255	0.966022337272122	0.82089030259886	0.869939126719189
0.866904048029632	0.957158907486253	0.802964402161699	0.922207549103929
0.61233284969112	0.931889126178054	0.95726018371136	0.839750397195037
0.841121583497182	0.844009775336599	0.940693741505382	0.935104107212313
0.863406422385448	0.870261532637753	0.860431491531691	0.904521123262546
0.921650914889415	0.933460954013056	0.789656187749425	0.678626184316643
0.425085119230331	0.864817832455517	0.934925164464773	0.90729375740182
0.874479251941451	0.893240209212683	0.778634358796089	0.92071335399644
0.942451912618902	0.508396780864089	0.894530604101171	0.915154384919783
0.868780676470212	0.771459442627058	0.925402776833956	0.932988703211132
0.728350462467575	0.612632800797684	0.937553849541798	0.932329873711338
0.827805787031043	0.91881307546179	0.937033581858151	0.789981627303928
0.912033926245953	0.892954147339486	0.836924568999781	0.959012157492129
0.822221396162038	0.915453434848528	0.812104430134813	0.809151335060923
0.900523323997218	0.845936424906365	0.89942046467691	0.935238982781312
0.87782105192267	0.72896507254593	0.92717083000987	0.952097781537439
0.961000365951331	0.889791698078027	0.835511011157456	0.8632648563535
0.910932583296109	0.897396413771456	0.864286375900209	0.888583441339316
0.833090250587888	0.887498068188495	0.871870875663082	0.906112548672117
0.910252124272393	0.933355522515101	0.888180086791494	0.584742544410937
0.880151643608512	0.930663615245922	0.977378875050124	0.878062466291638
0.96880693243743	0.774785196803022	0.935385749844683	0.83322365257302
0.907413207975162	0.921209667467641	0.813346532317539	0.88617884222435
0.835199100420404	0.693819964248548	0.929290740899147	0.932165647549832
0.896297685674118	0.896020263896598	0.934206255035695	0.733140122821151
0.92717878890732	0.871850008757277	0.387420387334395	0.770754150084766
0.720417294013756	0.887076967898642	0.960700371060793	0.874500011775866
0.923475443873591	0.91769959080446	0.655978801172944	0.831188669990083
0.981313171134741	0.90624102757701	0.934156687200897	0.828158759397104
0.87621710785775	0.706232386534396	0.918430447333308	0.812065876365418
0.89858634919053	0.937880644612108	0.926599711867203	0.92239647285706
0.908662194431995	0.892156112188679	0.947873231608073	0.799983140523719
0.934827884046973	0.943384837950138	0.818661347992815	0.881241550161829
0.911557132236097	0.775581093365443	0.921451497078726	0.890174308132834
0.93049809223846	0.81961724793895	0.92437625602432	0.937324606843477
0.857084199975785	0.797542759589206	0.93590373966336	0.75764703625594
0.734864978823824	0.932709593434424	0.911532061601877	0.860794758069978
0.93443891610914	0.930348598533126	0.914888786657248	0.885215646992951
0.953350141836049	0.869227222625176	0.891808523825296	0.781140280803679
0.799943395993028	0.839112233079001	0.864153750368995	0.936619629525099
0.92432394674476	0.901900139413887	0.890712993719964	0.898575286989257
0.780157087804698	0.961548771660694	0.824698348187753	0.916952437940431
0.939853280447318	0.899230459738981	0.904324400617457	0.961640061332876
0.873170147135408	0.639140730162725	0.973263434462903	0.945176628028986
0.871406374923917	0.946352148398781	0.752270957689491	0.889270320100738
0.915896580672381	0.865969719302928	0.801570548572058	0.544729853930507
0.796733648163723	0.914747810463578	0.826452729723207	0.907383434205961
0.875896566888592	0.90972256633956	0.872505186855455	0.688529120876853
0.872707376904789	0.851041638015576	0.859339278428609	0.859824692176692
0.925151584751723	0.840202279764168	0.864379524407808	0.819852807728774
0.876621677664382	0.862653627676987	0.71955870507585	0.872337319320667
0.946274312199421	0.859300763841223	0.888778150629877	0.852054311236928
0.772635962949441	0.82634892560351	0.762702374243164	0.833509559151974
0.965669334001002	0.960233651767257	0.820125059271027	0.906184785946673
0.827478091395412	0.885727122863265	0.93382013276492	0.951281514161801
0.915467045850125	0.874775938694493	0.869054518753489	0.918346941119024
0.817606316055441	0.846636845499233	0.902698498737372	0.750799369012718
0.913921986461144	0.810739580280095	0.949051194865402	0.919284430422503
0.889549867068438	0.963722686929087	0.813116501626753	0.877903859231645
0.912049428411778	0.905513353639605	0.88093459311487	0.893053307421889
0.922441785324397	0.86587651992479	0.977158594910336	0.909908314098698
0.836486419263391	0.923130777440049	0.863538278417971	0.894259758371653
0.887206003469585	0.911168936037458	0.954296647013289	0.724018469680557
0.893303566255998	0.794583510652472	0.919508142010639	0.819267055365235
0.941967928611737	0.914346701656652	0.700227333948271	0.840596476190368
0.80976011332639	0.931815852093696	0.85187482050395	0.776249086651992
0.795426363440979	0.909116209712525	0.921823749564636	0.8455725209721
0.94253965534809	0.965863331046927	0.933796619834317	0.936618212391279
0.786824029740089	0.655420735641431	0.915159442659622	0.848174498969805
0.866436517817337	0.885095832476554	0.938447514441679	0.899556434342631
0.779310533029191	0.868405965960431	0.89573772156655	0.898020934812847
0.83980837920661	0.948931209521644	0.898012310231208	0.753474794701168
0.578212534200672	0.808645153673209	0.659487503619519	0.819929024750875
0.913647526556258	0.90310354293424	0.751445043890445	0.876098538889478
0.778346850881661	0.932638726380811	0.949418596090799	0.890862953818801
0.899315362945	0.879256423198952	0.83626860266369	0.913395045526773
0.964827409132647	0.830868864361576	0.856694673200586	0.9078003457687
0.949988640273426	0.850219889433832	0.887746733272813	0.920013155880442
0.901959832125548	0.91260325609446	0.965803051271391	0.733121207162464
0.755548086461012	0.803144392471872	0.964988172825496	0.962907818118973
0.917051064735042	0.796740189994651	0.871898411137944	0.860756907823703
0.845696794411487	0.529742375877329	0.743102438157727	0.918046678187113
0.888498102029922	0.846296755839968	0.882612285184648	0.953610524453681
0.915366871767418	0.789592803523177	0.916026214484273	0.862769247502089
0.72329511420301	0.946566321964962	0.822803552508271	0.826582730555565
0.851920479558062	0.952579607879249	0.973016169034194	0.907687329118942
0.856144382291604	0.913492196429018	0.91628806686033	0.764636249905343
0.927003526848612	0.825424955363843	0.923954519539366	0.86799364005347
0.952973279547115	0.878878396581799	0.891047864665375	0.826989715879841
0.852797147257595	0.873502989857138	0.888626754765154	0.881235063821192
0.928887473841781	0.952547014697777	0.974555339326807	0.682760131369056
0.902524645438563	0.64431063424732	0.884987627714269	0.929516609676584
0.868084667266404	0.821844168324183	0.943230643432731	0.641017405657533
0.933075943003162	0.870025923067692	0.838596061159302	0.897056786417272
0.904229588411247	0.702788749293957	0.701677515927083	0.887764579882177
0.882832241763158	0.855751265910228	0.828567088569626	0.895964568807257
0.910553857855715	0.919923353164085	0.822954056421755	0.959465212487334
0.883878607732284	0.907807896053995	0.930098376184025	0.888990644813183
