0.995296298379011	0.988765184172679	0.997035059214769	0.998343508375619
0.994228359792073	0.994379191566344	0.995604315629431	0.998150520303645
0.997068228632934	0.997720662760355	0.996286317795473	0.998374341190042
0.992693940991662	0.995922412982429	0.989957417998921	0.992706432109228
0.999093354831689	0.992443275535828	0.994980696723059	0.996667169500789
0.998064101717691	0.995893869119411	0.998180152941435	0.997280054306466
0.992220371423354	0.997974609902614	0.998073295940518	0.997664033329881
0.998972749122404	0.988471987658929	0.992699634014313	0.988417200719305
0.99633024334817	0.994183133076782	0.987970321779057	0.986729274658525
0.993227666308702	0.994036605195419	0.99833895658112	0.997304477381085
0.998575091347202	0.998014657528546	0.996251201698466	0.992770755368595
0.998267058501273	0.994512603589959	0.998179139822773	0.992729864974562
0.993987100989752	0.997989467461118	0.996994597994406	0.995144220254041
0.996034795639242	0.993376667638135	0.996148734782963	0.995876865074464
0.994415456049227	0.998330511517738	0.99658869634344	0.994552678746174
0.996059793048391	0.995994043217875	0.994794026947376	0.99473834844993
0.99727574653165	0.997172830259437	0.990837694364657	0.996584131972355
0.994405843644024	0.996601892892	0.990803214065269	0.993838453526532
0.993606407076883	0.999564671342677	0.995642416768012	0.995918242272242
0.995146979679748	0.998457324076856	0.994013961190641	0.99907318407196
0.997786565508279	0.99723267777711	0.997387076184831	0.997616556669616
0.997523820198001	0.990332353915912	0.992787585533897	0.996556764656081
0.995839975452927	0.99329217033453	0.991390081923891	0.981358323164363
0.992676496348426	0.992718315364312	0.99983649673765	0.998552062912406
0.996652175478274	0.998614947581806	0.997137817139895	0.996558369766064
0.995769850756372	0.996476340622359	0.993546476606999	0.996448290901225
0.998657139475635	0.998036086179698	0.995782701684664	0.998432668486079
0.989484135011644	0.998211484617546	0.988671194298019	0.990963265648717
0.986095882103022	0.998238677899774	0.995569606768706	0.993383021807457
0.997651570441203	0.992533015405942	0.998863660837621	0.985837404444248
0.995663086202816	0.997011095485484	0.995355269139157	0.996411328257572
0.995042836522096	0.995484844707236	0.997545440402904	0.997714887371624
0.994805431611319	0.995948241514215	0.997108214549023	0.998204740626113
0.99453566536555	0.992831913547051	0.996619789447849	0.994297953434832
0.988908565270091	0.996216180528761	0.995595895685659	0.998947313629024
0.997230311611947	0.991125581661516	0.996831966798535	0.990090876871097
0.998363121423198	0.996502905423625	0.99392708889358	0.996726047591815
0.994299712354646	0.992971382179366	0.995082179968022	0.997983597159986
0.998282651411303	0.99858456058343	0.991079145980884	0.996193281918136
0.991744181651475	0.992307319900045	0.995480418738922	0.998247219118688
0.993912179239925	0.999512052637291	0.997326949485387	0.996859482718018
0.99722474642334	0.997330225009373	0.996564371276264	0.993341369896604
0.994044786460919	0.995122848499203	0.998247848290395	0.998540928319548
0.995196631462913	0.99697556225583	0.993660272324633	0.995011607172842
0.995675215206495	0.996959551935009	0.999636138963626	0.997932753698724
0.993766723561189	0.994505493980246	0.997483319654176	0.998118584731433
0.997036918780441	0.998325095506101	0.996076311785579	0.994227772650299
0.990846286218601	0.995877559569157	0.9930464895855	0.991459162558197
0.996207242084031	0.998756470138919	0.994499650015536	0.992488343909508
0.998681619762563	0.996774079927018	0.998989959423957	0.995674805829851
0.993632814569467	0.993185013185481	0.99554396192475	0.996862071225126
0.993881105418822	0.991455785771613	0.990709489262226	0.995086103829016
0.995884996388547	0.992285276904034	0.995390535497804	0.996850565551481
0.984629589248753	0.994430724201319	0.998343157398	0.997891899449482
0.997565705955695	0.994255200540764	0.99907546949818	0.998828707490683
0.992546657515601	0.99421099570237	0.997474081855464	0.997704011205965
0.994684294178318	0.994646480970072	0.994900205595717	0.989342045217789
0.984096567535662	0.991015671591702	0.990635011082079	0.994720673419001
0.991899818773363	0.997334406299838	0.989860342969635	0.998190002460983
0.99148447055494	0.997146399501492	0.997772221566177	0.998431848495038
0.993772329778343	0.996482898178161	0.998002096220792	0.993068104908
0.994669411962876	0.997586553854529	0.998443491508348	0.995377389595198
0.989080149147168	0.997971925815234	0.995289476291659	0.997264655822061
0.994222164989766	0.991528372202159	0.994592136007848	0.996892203603339
0.9951874286771	0.999104467173635	0.996973834476258	0.997212192718839
0.998920729547496	0.996248176014088	0.997947797242454	0.998119419032651
0.996255734869274	0.99584025895948	0.997754568160002	0.996415527811188
0.99435208460461	0.998789655117979	0.992359291730678	0.997022662633316
0.998129203323452	0.997609301766078	0.992978355794153	0.996014151738387
0.996752495794809	0.993522282624518	0.994469277904779	0.995653280637781
0.991013194880573	0.992779692819835	0.996553063941798	0.994060087037481
0.995902505860625	0.997074377257429	0.996677159928556	0.998350940363569
0.991041776740988	0.995538172918991	0.994214642396755	0.981408906766367
0.997200633299499	0.99410869996267	0.995888395240327	0.995283831270164
0.995473193242037	0.992130297999223	0.994185646130129	0.987714066655405
0.999438236869137	0.99633232685175	0.996033497750513	0.999249673109947
0.994312992439988	0.999654909082529	0.997480212716794	0.993178871818253
0.995868900172233	0.996701179913207	0.994443707696533	0.993148222720353
0.997747433023921	0.996173620409405	0.996968856540212	0.992822724981355
0.987649695649736	0.997491283839434	0.997912755520449	0.99673078487597
0.993328584931161	0.985751069718507	0.995914036054296	0.997107751061803
0.998527514602572	0.991045278564345	0.995833433771255	0.994083268394229
0.999040565335471	0.998074974612957	0.991162608426157	0.997739878175719
0.995318455816735	0.998389428699671	0.996495499353912	0.997345031039295
0.994254533585225	0.981502132757254	0.995172461337634	0.994318344844017
0.998227900594947	0.995523861728502	0.991336322753332	0.98855441528953
0.995294949935787	0.994221468196971	0.991942297646159	0.998702064670054
0.986653170000625	0.996891632375956	0.997907454009317	0.992746909885202
0.992299645093637	0.998302748008937	0.996746449349681	0.997798581703625
0.997528969079759	0.990202331516477	0.999709091714536	0.998647464227951
0.998698502378126	0.993912908919183	0.998438130881678	0.989505754868861
0.995348950997738	0.993212085186974	0.994482300583561	0.997104154886395
0.998593527224166	0.995562219408924	0.996714697043058	0.997092636207875
0.994527438903028	0.997084629470238	0.995912520538125	0.998342435027932
0.997190727967565	0.996783616375729	0.994733384730846	0.993686224855369
0.999041903828255	0.998993097862836	0.99779775903083	0.988201493562171
0.99879287443548	0.997440936056707	0.997665859413937	0.998398887595757
0.997984281490606	0.997780516809396	0.997528309937186	0.998185945647387
0.995464785489441	0.995523665506841	0.998286738018364	0.993440131511961
0.998357573658569	0.994855867335152	0.994216574784577	0.993962452101795
