0.731511743100409	0.943941806149564	0.959123718944924	0.969900615415841
0.967704311914823	0.959162391959113	0.95073718552421	0.983179712701456
0.956221313073551	0.941414018767042	0.951645294029446	0.9878643625935
0.691820830182906	0.797088046812688	0.94349993802318	0.959906649495221
0.927428822393891	0.978114145591269	0.975257491666908	0.965071975917747
0.919290998930509	0.973575499081699	0.965518408211885	0.937558608802115
0.954890225826972	0.956978117834128	0.927450260218024	0.943680379186533
0.981466700542934	0.928037775731698	0.935244619383406	0.869385249253745
0.948988970211118	0.953312575243991	0.943787496448053	0.9110672085013
0.713786954167307	0.94647486802167	0.958154139176133	0.950330720203154
0.904240857353736	0.959352311196626	0.937669202715089	0.960575238730374
0.963176996123448	0.955486114027445	0.961296326777853	0.942283594049347
0.940486866191522	0.948179326430506	0.910612283791339	0.937265911511256
0.897606943697642	0.943540891809142	0.985647549059298	0.910995200724599
0.973469063921792	0.851035178630299	0.977147873645884	0.971621244226066
0.906997724436541	0.975762609947853	0.993106195192915	0.936956919157174
0.976120407733543	0.933849903662261	0.930486417795639	0.955265111129045
0.969793764804544	0.982417713574915	0.979482743217784	0.975816043883636
0.958873971169574	0.951574105776904	0.925515925359301	0.963951756136201
0.90957882474759	0.860872597983393	0.982168806503309	0.982605373826112
0.970634087621765	0.961437979747363	0.978798814478594	0.912337834490323
0.965703760196191	0.964087663496879	0.968181577478965	0.950084208239722
0.961781380198506	0.979142514355069	0.910776937981974	0.92978040284188
0.982633164172044	0.961056638080073	0.970608320819885	0.955810481318546
0.937727177575687	0.96311059645427	0.966002835054414	0.967336923675325
0.835179455229056	0.950555263039243	0.836857304518957	0.911042562058607
0.980953776011455	0.921190603674202	0.951066123661619	0.986575859171764
0.907079704424337	0.977497111243022	0.975988745998267	0.94612148341406
0.983614089481	0.940988985850087	0.948889521922506	0.921247421443552
0.905682716305759	0.796676959867098	0.734619793161245	0.967183450278263
0.983472366794494	0.736326342177729	0.917121597186373	0.923651256201394
0.900895589368634	0.948440547401714	0.953296997097467	0.964567948011792
0.925261380361949	0.950530878282958	0.929812269993239	0.766667503121576
0.913501540850744	0.944187061428299	0.940120229147893	0.946727747889571
0.966340754438425	0.968458729727911	0.885018991007515	0.986251742169308
0.919728656630072	0.938893114775406	0.87275696917251	0.927834553373597
0.963699222223219	0.97137757954706	0.925958429681086	0.951026213919543
0.95560436007848	0.907904260672375	0.885360397764598	0.938396359133804
0.980664929485893	0.910939303798284	0.970672339165206	0.958950374327787
0.950245133774865	0.932052754612295	0.98315380455182	0.98309804032382
0.966827704974508	0.961700468430128	0.950392018347144	0.968094675223171
0.972986972283152	0.930240427162456	0.977397524063347	0.938379061484603
0.920639348593255	0.774529876536214	0.972128997269918	0.904985547735442
0.96108769446368	0.953989399673448	0.930631407781979	0.982956561771704
0.987003135003601	0.947199371960271	0.902137919738529	0.935646107273075
0.94402435929309	0.969578833687353	0.894828263639452	0.948792026823824
0.969489532562726	0.955558055376672	0.967308158070123	0.952613194178744
0.903125735636771	0.974227845113045	0.933732097680896	0.958301208156424
0.915559136895189	0.94507075674005	0.940002442985353	0.954016883472178
0.962077341406267	0.921319195331004	0.920172962503848	0.924196103115994
0.946319437243044	0.927030919990674	0.90488621485779	0.961471000910907
0.910200702512699	0.948516233497027	0.920513093674709	0.979520694788331
0.943375295746495	0.895677312681171	0.961844147113015	0.830076448196551
0.977604766811471	0.981862158391986	0.914959840613368	0.952378922968652
0.928048741232825	0.902540996987207	0.915884191654404	0.928234149761442
0.974645947615355	0.985684365964593	0.965656136794166	0.913194902293713
0.957391136982616	0.927764631857081	0.95130307896971	0.968856796096654
0.975557254422645	0.880928621329406	0.947424109494582	0.741354804038715
0.983994328189397	0.933175691768783	0.876998871264174	0.832417594206431
0.96796014299094	0.950164008513555	0.979594637307538	0.97104352489216
0.939462708697535	0.92484022125795	0.912191020987491	0.883914484161276
0.75630104130316	0.974321393891586	0.957575108032944	0.793836392558141
0.977050894576373	0.950999942914036	0.957112904489477	0.940380030221826
0.968357878002776	0.971446042332669	0.938987324495365	0.889624300867506
0.957187184166062	0.908134613332384	0.948855374259851	0.947062594864381
0.944357911328129	0.695370277697602	0.876333594423582	0.96665233173235
0.931631742611789	0.921603610480519	0.932341160347995	0.968639825996292
0.927109694758512	0.989632752935671	0.981007739182782	0.837499083404271
0.946142898991803	0.927021215249803	0.965351192336469	0.960067988423064
0.909821256301947	0.929984487018174	0.938074966869411	0.943700115100365
0.934209054713894	0.919010936206489	0.960056452688913	0.988660504829922
0.95295385154115	0.977445893520085	0.971512559754408	0.95985449754169
0.960482153207498	0.936389508547515	0.934126132787852	0.954577152745823
0.971193444184422	0.962453973271354	0.986767303415112	0.949040511082024
0.946279734909322	0.96171996489189	0.960471682959411	0.918933393564153
0.895242363168717	0.949058734628454	0.940393418272347	0.945121398390711
0.94313640954873	0.981419444103539	0.949662615249067	0.961745038650329
0.961700628503174	0.948142159018025	0.961985075215921	0.962349930807614
0.981759285772907	0.680133495798398	0.878164067732408	0.963339231067456
0.904470267345774	0.935267047245652	0.953370655397999	0.974775958911638
0.961128138468318	0.943350783662585	0.926691151887606	0.931963503919548
0.954937281268346	0.948574263022396	0.97558701274681	0.935395749316859
0.9696459732492	0.982551706977141	0.925176902038989	0.969859816387695
0.930064026345373	0.970479780407614	0.947118872638658	0.975372808081736
0.89728923884171	0.963125312142752	0.931217645920536	0.966157050314669
0.929041938328038	0.98430310517151	0.977959852982433	0.975219228797718
0.958844137426657	0.924585941614343	0.977887143228091	0.952462726711208
0.975002417008712	0.937093524854616	0.948064758880614	0.928552750183846
0.964997742056544	0.96117922168827	0.877991221412802	0.937984416995002
0.97420867845469	0.983868198916554	0.945847993925655	0.974907557735619
0.913593034620574	0.919843197423001	0.920166666761299	0.910627747982438
0.959609156470879	0.887484266014429	0.95455828312362	0.966473990038587
0.921785010939271	0.961039199335082	0.975256613923905	0.94095495171964
0.943433823486383	0.981584439402841	0.940249661709486	0.933517702382937
0.983946344470969	0.978962534238435	0.979670512807778	0.95721674450073
0.940322711154458	0.968702176252611	0.843616721906235	0.908392889120225
0.866622599753467	0.968113543453582	0.965332675121078	0.857397719492127
0.948090961766464	0.956696135073302	0.829405015553099	0.882819843272964
0.894599846278527	0.93553985610139	0.907129925398025	0.97407402517461
0.782588199329606	0.919115095245808	0.932233566119283	0.937525154089848
