0.997374485038273	0.99312473823933	0.992053489886395	0.996026206717064
0.991518930281689	0.993792977870913	0.991987074954983	0.998219416853564
0.989095909266597	0.992722273495635	0.991221678664348	0.991614625696384
0.993042215965498	0.989609295635767	0.995743280145863	0.98435021096906
0.992331132910143	0.995927319816623	0.995437703946574	0.992646386412383
0.993624692367764	0.988753779529569	0.993943948421403	0.995145263537742
0.994950311096889	0.991584581530565	0.97824331293143	0.989003943340735
0.996285692737454	0.996119506536672	0.994107261509593	0.993801892195441
0.992805992229611	0.987180232308105	0.992947567433241	0.994405243651189
0.994127600005924	0.995146116835486	0.995362925580936	0.98021970514072
0.993257601121336	0.99171423110605	0.997373341537379	0.993820713676762
0.988826294324562	0.993539965861032	0.985910625769851	0.985314761958863
0.993377210478383	0.995085401609346	0.982184400221527	0.989956090824256
0.981922545260406	0.992302195660654	0.995219995255467	0.996283391198582
0.988125298846516	0.996387902752837	0.987332556505611	0.979954476247932
0.985727930030024	0.990011942486822	0.994016594726046	0.984463366573217
0.990203562863823	0.989330886939203	0.985265009786164	0.985628832383379
0.991050832858885	0.993250557545289	0.994413870379874	0.991537734937255
0.988580657908154	0.99433035912503	0.988961918801093	0.986495322819755
0.982208610690976	0.995855427536629	0.996160442801889	0.992041248778971
0.986667727038311	0.979655556447558	0.990045573511783	0.99479218818857
0.992105538035643	0.995113499432434	0.99463482646322	0.993579301980832
0.992045131051565	0.989891478401709	0.994525904804089	0.998330491982657
0.993017732306604	0.996145294095116	0.991574396830337	0.997229251390099
0.988592006023678	0.983017640365316	0.995621752956268	0.990824945670349
0.986152360352027	0.995128304347667	0.988434164456439	0.992723018630275
0.989481561892888	0.993097106419647	0.990892894147772	0.987717083457442
0.985024026973835	0.983770172110672	0.98948080142271	0.994349765946756
0.995986304230591	0.989088641152476	0.994597712006211	0.988350233302805
0.970788984969822	0.985595896305766	0.977278206493861	0.994418273458778
0.990564775890668	0.991320518616985	0.996193144991313	0.991121537670305
0.995323495931927	0.979127114831549	0.976460509135775	0.98200191919954
0.991242746588884	0.988952903121046	0.991444460229647	0.995311414836912
0.988369013056272	0.996403944633813	0.991895532784618	0.997205700684041
0.990379370352582	0.994972095504467	0.997319777787855	0.994010641555216
0.984803343217891	0.993333787741376	0.99293364384858	0.995235881058872
0.99537704137302	0.995224953372654	0.995347866329869	0.994396139172544
0.985377290462705	0.990922549384438	0.994361473408132	0.99186505696733
0.993718086437104	0.990123556737282	0.993866064458042	0.992064893109598
0.996283272454263	0.996512317762902	0.993242952377225	0.985796034517898
0.996533548145305	0.993327029050614	0.994043522275127	0.984695553561558
0.986758014124893	0.993313974087752	0.983153392914027	0.99620988940276
0.99380174705461	0.99320310566198	0.996864484875743	0.995040861132693
0.992473475645013	0.985214467020472	0.990687070409036	0.996244748358691
0.97267801676234	0.991057231474303	0.983813073895601	0.984279908461041
0.991696898092797	0.986138602116877	0.953629849989816	0.981948320800633
0.994186195971586	0.995686786517558	0.991609081776434	0.993184828919315
0.992395336048954	0.992111341856073	0.991210517380038	0.989350773386024
0.994940211641398	0.989577900886346	0.984302735442972	0.995548763112978
0.994098318600102	0.993370078805271	0.995696454423938	0.984828206500281
0.9948515757476	0.994922223768309	0.99401122802145	0.994385102954055
0.982788356606193	0.994239533577436	0.99105386077027	0.990571244041099
0.984397015443106	0.984279260707203	0.98906210018436	0.966642519059877
0.99232164219135	0.993370940855189	0.996060453225142	0.987316838450902
0.988984686045608	0.989035480631966	0.988082912588857	0.99701830783027
0.995206476317545	0.992605809571142	0.993962830164706	0.99263813397525
0.986205220998031	0.988151806326651	0.97385011456326	0.985091336140213
0.993880424739304	0.990122644983309	0.997284577039285	0.985922967432032
0.987310326945245	0.990436127999683	0.988644215437474	0.989956475982814
0.993785491681072	0.994243383869822	0.99513572507522	0.988531233370784
0.990090758045863	0.996571536971225	0.993430619294319	0.983818173470446
0.983845804811483	0.998011732638359	0.99023937983747	0.974076328676333
0.991107167663554	0.977480179183492	0.981732807560939	0.990954519853784
0.994393189682076	0.989453836305668	0.990547692611302	0.994055017115195
0.984406011441941	0.994847363176021	0.994947553849889	0.993268063577393
0.982240105770198	0.976788365028335	0.994306520097647	0.96594031407714
0.997326806802847	0.99246845513542	0.975951729053722	0.989861042084716
0.996621079347453	0.993675317505102	0.987492872017143	0.990623030601337
0.987583664487852	0.987543447804888	0.992632972941891	0.984751205267022
0.9953096564468	0.99750404544371	0.99584641366063	0.987987062999336
0.994221203057688	0.989022033868449	0.992050109030458	0.99533811456585
0.992962980275124	0.991321519702822	0.986044837633795	0.990290360943321
0.988850249559515	0.995187616740466	0.991104863754578	0.994068705455773
0.991960020791062	0.991483410357595	0.992012405800449	0.99403079371463
0.994262386107227	0.995040618985979	0.983199124593366	0.995408595502218
0.99569868890711	0.990981820795911	0.990282571463119	0.987129830565351
0.989316815851433	0.995571070537988	0.989347842459007	0.987979458611469
0.99422490594617	0.987743800134171	0.990132516977589	0.9940390092473
0.991669681942296	0.991268934219428	0.9926713046577	0.991238852228383
0.988382923885944	0.994943477749005	0.979666926809286	0.995594422377063
0.993924714447794	0.980234659269623	0.989843058348561	0.98998926103852
0.98700621770127	0.987472313228433	0.985477001287674	0.99539568040735
0.990565649873966	0.98292867421012	0.992567660850332	0.989997706061797
0.987848032691205	0.989030623804308	0.998050127945508	0.993330838549915
0.977810489654573	0.985487214479567	0.995701500142593	0.992018153234746
0.99429460667107	0.993696611525439	0.992957443495418	0.98595987672941
0.991609446959109	0.991908476179178	0.993982464197076	0.993497716883755
0.995130657391878	0.991478095600171	0.994860098125693	0.994891702300008
0.995077434250662	0.99361725227588	0.986015851037377	0.997524338812581
0.986006081779025	0.995749132317811	0.991942832983863	0.992539752755852
0.994933989809408	0.987338503939001	0.993329386278995	0.989912074186904
0.988108625302272	0.986704991603171	0.993612338158687	0.996827685952542
0.9837982853047	0.992211799343059	0.997434032516866	0.991971621984667
0.984883549857868	0.992767631613544	0.99595678619544	0.992577230831923
0.970205735588246	0.965703496779621	0.98913767551707	0.994282501755485
0.990618230381795	0.992865411078533	0.993111812850019	0.995799116348768
0.993630891333572	0.993122328046127	0.996240516316021	0.997158323447543
0.996443771536718	0.99559618989935	0.995434079062004	0.988187703185591
0.990290381575363	0.987825274461979	0.993261838524786	0.994016406262986
0.992411326462834	0.987431131531328	0.994057359680748	0.990500554154085
