0.28209296830828	0.885356306168088	0.920055229069748	0.365227323563893
0.910428150734004	0.770876698508164	0.853394001426638	0.700143470353829
0.851401806663286	0.904426522383865	0.717817640802168	0.96810833578456
0.860731965233811	0.922200914783931	0.862886646222928	0.460111850124551
0.81165511358941	0.716776222641904	0.872973236981474	0.848625920122043
0.706374838534621	0.885875279529443	0.870376892518738	0.937917294550301
0.953937302438901	0.93457599375348	0.89665893350984	0.955697416425962
0.958793194569385	0.872218961420785	0.958155339894944	0.778357407607906
0.892433702495679	0.718441589309347	0.859704426168192	0.930495540797076
0.727932764569969	0.876597901140197	0.946483329301126	0.901643639710569
0.796028925809865	0.691232593834496	0.662954862296925	0.838581970871443
0.852057735818001	0.563353014995278	0.75096353579667	0.895518611350762
0.967863506789123	0.896263649687603	0.945307241620175	0.908347651551513
0.928923915285762	0.692580819551913	0.727942420006758	0.920262258649473
0.9355159429142	0.952962472476316	0.953822982032468	0.822355108761141
0.812945458348882	0.907346368994478	0.65654841783638	0.477846829815884
0.705099661503932	0.963488703677218	0.915452220958034	0.801861125020231
0.772613501101934	0.813084063391846	0.429736472900605	0.846018970739263
0.713306309487511	0.466712907461644	0.92694148609085	0.846011141903339
0.828631601380575	0.814244989955722	0.769206049125188	0.376244835328001
0.766167383360484	0.877297925461296	0.697914048993572	0.654939001608555
0.922930669208017	0.680516013717221	0.897289585827425	0.855120843439369
0.885439117640388	0.962973069200428	0.784584239285207	0.625227634108169
0.570340719626023	0.970372905014306	0.77948278719954	0.923582032005609
0.942979154434252	0.905626070448	0.959392737041285	0.909668443224617
0.718554881020014	0.861613759343611	0.635537575671286	0.603227225632039
0.902664017514466	0.773822619474006	0.782194293150824	0.904063422643012
0.746193797082689	0.765420477846991	0.85948380975226	0.812862247441694
0.794833903640354	0.846020548058386	0.833103386128187	0.628728807862395
0.782052293998527	0.964467487489016	0.886612546606092	0.529583122922056
0.857847738070263	0.923439704324322	0.88804822886526	0.75819726505131
0.934681799730738	0.842438756205176	0.932678598074854	0.892234225951257
0.880686520672191	0.678986506528403	0.605591336501405	0.628800530863467
0.817544597378835	0.917783975177853	0.645584896322849	0.857182336866585
0.932878948907652	0.760082134939485	0.951109814711899	0.951344488188536
0.693482229167094	0.903905893390638	0.97573705893267	0.941684027263156
0.205569256205896	0.877464086891105	0.943752524731247	0.911253473837528
0.641974625193613	0.793642187030043	0.392774717368222	0.68028434110421
0.461706312329251	0.880489384130672	0.874374854671375	0.968998970333045
0.928027792050989	0.552646944865951	0.780085048571006	0.744096111366729
0.862251386441055	0.939462157167293	0.448570540943355	0.936056776793829
0.857913650224583	0.928062996699538	0.939623964159062	0.648951470695958
0.737420526917645	0.814775154070826	0.789500036305758	0.943537246413141
0.88855638496931	0.919972754044212	0.925272236553319	0.956192148927348
0.92829642307731	0.81090676291578	0.710067477469117	0.908670406670299
0.912883143306091	0.926988187879502	0.922378734187999	0.929323540267828
0.922493755344933	0.934456875751138	0.901880196244157	0.904722422099959
0.929092427909953	0.856468785948994	0.360948352660529	0.877337881093449
0.869584080741821	0.977650710180995	0.790649363628234	0.94625107515911
0.920033655319688	0.918193353954501	0.690068822438659	0.781504834154069
0.704451631483689	0.739942668154698	0.928556572826004	0.886766043104512
0.419881864853504	0.967501359693764	0.884620489053727	0.837272634822488
0.843057338822433	0.866298186326103	0.667836437077578	0.905972299521239
0.706805540136586	0.560274541517602	0.897785872736946	0.872984350595701
0.956320864573956	0.789443768609417	0.845354537736699	0.430572666892628
0.962137878753414	0.786720626555483	0.947065229878685	0.617595838282271
0.726877731888439	0.764039632501772	0.832246343202635	0.913288946415644
0.827487386505853	0.91132432313175	0.868600085284866	0.556493393527817
0.908095679996696	0.352698084934415	0.873992018156875	0.797493393464937
0.715531814471399	0.785221408194027	0.937879583168926	0.762934309331672
0.850103988662181	0.419626115195684	0.782197083976411	0.894635707019534
0.858381988801442	0.928158879592708	0.629022873803218	0.878517204770155
0.507449921634442	0.686226300661357	0.849892432891868	0.516120397706129
0.890300624732435	0.865827232093165	0.964758405532778	0.877434232818348
0.930656369681014	0.822694814200555	0.780388181796109	0.950212402981895
0.841998079769744	0.747352163186553	0.952486039812385	0.683157011999015
0.589703857149428	0.698552536646187	0.74859876105809	0.781920539522907
0.946853905458994	0.641084172700543	0.827648104094707	0.698083492793594
0.960178552837728	0.709523547150403	0.884438307453717	0.886242790775649
0.682478236066966	0.846237098038702	0.846797146563611	0.951411510561133
0.814883095927271	0.909488166476932	0.967598648820405	0.894832876314196
0.90172515318935	0.787353707034189	0.676161233776458	0.898677642181355
0.929031582454378	0.816243359511586	0.945255049636136	0.942663363277798
0.927780241790013	0.812758987066098	0.662052156510897	0.655020293553976
0.839706368332222	0.516575649232162	0.778932842268362	0.858814534135507
0.244607868494401	0.852251633943643	0.945144345619773	0.946991035413757
0.684037004246436	0.626411647176566	0.717658884189231	0.615464967291357
0.495548669869512	0.7893107607586	0.840784833361403	0.95320287028119
0.625403498459162	0.880449977959974	0.921124016139281	0.85574119218086
0.770512744543124	0.946769074703494	0.684783007355743	0.948569336021144
0.950456189434316	0.946528037830176	0.98169950857638	0.939536570588148
0.949191460032216	0.565659718957452	0.884419792075161	0.801612982987622
0.835608149949055	0.687089298038031	0.87690973541439	0.943715752960239
0.904127896257967	0.94489194459142	0.919111666702933	0.971333654575862
0.83580137372874	0.88438520983134	0.941575880594833	0.632709022391764
0.924300742106692	0.873980230092701	0.801150377581792	0.940141732256787
0.445308811633473	0.798407757980798	0.825976187501292	0.841522275134375
0.937105315141839	0.867723044112699	0.907533038692638	0.931638354306715
0.867621597893764	0.97046445718129	0.93897437333394	0.779314074746678
0.803641311467693	0.963767395455326	0.831765141933462	0.92440957448401
0.835099581257055	0.852691203252078	0.745796726004334	0.551779781998324
0.693636660177908	0.804608620825459	0.618564485139976	0.670964616012832
0.902907639175652	0.933863987508419	0.921846553792615	0.92750738925307
0.784084418278606	0.879365028545854	0.727920551587729	0.647311189399341
0.929714170696507	0.917298746118891	0.930778618989292	0.8063903550984
0.86623782209485	0.785542707487994	0.85169682637955	0.817035525870915
0.837452659947778	0.766008013175434	0.666574158735913	0.894954652612036
0.888412189979793	0.913739527862139	0.855396384031434	0.968021935359973
0.901859942278217	0.917221447964421	0.750984719973994	0.961266752320206
0.847446590976137	0.763490557764646	0.47686108369902	0.794350694396326
