0.826080935803122	0.914539643999925	0.939833313080694	0.975241895028833
0.906795143847988	0.943609697209835	0.894237107478861	0.901750540548332
0.974144844688804	0.928283296329049	0.97279087172681	0.952361918294709
0.957444417837842	0.961189270358871	0.960282978173642	0.985020215381559
0.982771279627235	0.965123251984061	0.971485245793497	0.96901705752302
0.948290988377437	0.800173937759768	0.961586213932783	0.963720072316223
0.904383875055994	0.970828779205718	0.903067967273303	0.757146350576216
0.956107572488423	0.933432790361197	0.926834953839444	0.944072802950458
0.968801675883976	0.983056616182807	0.970308671161668	0.933883411140031
0.94125617800053	0.954026475437256	0.971825675122513	0.96399140562733
0.981415086087853	0.992729989464095	0.963557637790743	0.97882773613129
0.962549327473764	0.976092758691432	0.971297292504438	0.981466896206445
0.970862648355109	0.956282671917509	0.985061000248382	0.984075391489008
0.980118943676542	0.979196022242818	0.964844710988145	0.977508349183805
0.950190883142298	0.980225525801067	0.867369737986809	0.986303284816057
0.987919262539402	0.986774726175764	0.981755960504604	0.886435405285269
0.887999186866433	0.934820597452164	0.598947532469392	0.906201334682569
0.920013492178909	0.950072755537498	0.929696194303714	0.959823172510718
0.973183371770795	0.966510232181464	0.984637125786055	0.91532224608087
0.973457502061537	0.976701145511828	0.969583970420683	0.957783130352331
0.925909541688888	0.973829164074498	0.944063446650092	0.943034272939172
0.920867482207217	0.978224990365142	0.973933018185311	0.97251620284653
0.974923856558145	0.976302081525622	0.99043815783491	0.958704109702639
0.911315186243713	0.986313227469284	0.956231141114338	0.973578988707522
0.969814890143527	0.914170262882396	0.957047793888809	0.943487478890795
0.974935734827486	0.975114784047411	0.976773692445796	0.979892587212938
0.962446954591605	0.969446303523686	0.949470970956261	0.985048613651223
0.957539978023365	0.958314071292684	0.942332342203351	0.976088027899885
0.9594537639546	0.976986242585964	0.873750348284977	0.937216297307916
0.920670176089331	0.93128154861893	0.929691326916652	0.903965475644975
0.965662982567283	0.917212896020705	0.945561366780414	0.944961963423724
0.878715603601423	0.926533852870921	0.955227290678333	0.983971759302292
0.981821744496958	0.945964993267508	0.961351147886572	0.931201128675948
0.960781978194545	0.950717323410652	0.967974679166019	0.965658048061911
0.965587656491213	0.976763899627814	0.978116716651514	0.966846421432599
0.963828147434979	0.980010867519522	0.971805452484667	0.9784960335477
0.993926170878938	0.984168158720683	0.981608481611387	0.954995025258858
0.950434909006306	0.984903781298612	0.969277637224645	0.972289857514154
0.977860693632877	0.958811640613279	0.932498432296003	0.925763670089175
0.9377666809918	0.878944317552915	0.975655765698316	0.979178810124346
0.983922048359464	0.966815856784798	0.974784580098531	0.98461798781506
0.953241546403812	0.945576636610902	0.966666113596036	0.959633822036688
0.964045413653949	0.903855825512768	0.986120582439574	0.941013522514485
0.979171132608764	0.96439243021322	0.966980596004338	0.974645392064399
0.925587153650197	0.957923259287593	0.882966705626598	0.938914856694758
0.786840965370363	0.965330358548807	0.94452691577808	0.95758993412578
0.981808966405165	0.963747182842239	0.960467053617406	0.963605663237623
0.913567873522366	0.939964939038476	0.988033848730559	0.924127066995746
0.950679059888046	0.944770873601795	0.891881821794857	0.975479007003099
0.938879581079464	0.900355053871466	0.968959391767645	0.803725707035608
0.96031607062848	0.944652171881335	0.945991931975798	0.97407207544026
0.931372418692878	0.952639904286127	0.954217462071902	0.928853960572397
0.974116814288628	0.954689461665833	0.979847102586652	0.958438573216272
0.981489582783247	0.957286353120309	0.983097030486893	0.958400664200415
0.969748419884967	0.939904798778853	0.960769272549574	0.954948670916041
0.969517853761621	0.917836163485484	0.978157952911979	0.985565813590808
0.979766868504685	0.939213161854744	0.964138593156224	0.97757483607742
0.960094423026399	0.97044038720651	0.980693752269571	0.982911086739983
0.983736253718507	0.988893858113157	0.958069549390321	0.96828081678073
0.961983134004622	0.978550633070568	0.951017065568392	0.93993951542969
0.945549238667916	0.976301596763807	0.990853174412915	0.967476798291029
0.976167225722706	0.942262406131225	0.97424094361564	0.980438255930977
0.957102103946812	0.947244770421772	0.964112657350702	0.981232366399591
0.98677949090822	0.718484041468368	0.964776980106909	0.96998420098538
0.956483943620949	0.965019447312078	0.966705992979929	0.96327960952961
0.949398687960729	0.797476568234579	0.915367325516312	0.977868342999074
0.933807700429826	0.920826048152582	0.912696960917525	0.97687085651057
0.980643524017397	0.955177679651623	0.971463856806976	0.980124798704208
0.971960271532524	0.948588687327264	0.972432191318162	0.980570148313251
0.861130091513212	0.811988296010321	0.871844399930535	0.962295889211556
0.954519154902858	0.961829332074983	0.960297663115683	0.976397913593949
0.976458324971519	0.971474156181283	0.965025044977822	0.984508116273345
0.968654945040124	0.950587500322317	0.950392192283136	0.95826988561375
0.96477780849171	0.977788330736529	0.980248528453023	0.966994846808102
0.965450184721594	0.978792407329281	0.957224242819485	0.981972228198001
0.977113022020363	0.929277344727833	0.971915500429876	0.937695834724362
0.975194304132933	0.970105877657577	0.843994638428605	0.983542595317428
0.980503362394745	0.954037253809133	0.961515618477788	0.961776070917884
0.978162608944624	0.965018945464565	0.944516167121872	0.97998652033325
0.982646493229927	0.943287720099751	0.957289151148082	0.987088309034913
0.950016341763721	0.965784851304885	0.973373789222432	0.971530535049499
0.964069651054401	0.983730297557784	0.880001290237293	0.93918885237581
0.970971146121703	0.958153907383707	0.968580834325029	0.94391078035218
0.971601291727814	0.977969398297471	0.926821962166325	0.940931462976644
0.979160428985082	0.98163284793177	0.958463018690886	0.981596182518498
0.965478201313239	0.991772306015598	0.960319869913112	0.971184489034922
0.991618203965874	0.94684785000727	0.981650116204989	0.972938644857068
0.921058865721883	0.950797197501366	0.953322127679786	0.954683918650437
0.982146428185977	0.967173991707423	0.945367028868126	0.98280611720132
0.965644721377934	0.925546278540946	0.978878693496855	0.975130922291071
0.973938492965493	0.968764467239663	0.924176361568871	0.891167195320893
0.96330673922544	0.915980863292498	0.964534896202463	0.959987492626225
0.954049702763399	0.975953466344691	0.981362576116663	0.9575720955014
0.956345860316659	0.973531699611662	0.947233947741849	0.972420889062538
0.991037034930388	0.971358548390887	0.980545270117031	0.951070708337984
0.96215712780737	0.965817722675991	0.981983904046812	0.963310851935555
0.944713894765683	0.978545276309698	0.955119089426606	0.976386427685315
0.970725348545075	0.990354444782437	0.974574115276929	0.921393501521579
0.942972443340042	0.918768281877236	0.907887772191206	0.977608885479781
0.973201236803841	0.935626972770187	0.983687118512756	0.923913814022219
