0.985837278830631	0.996084457420731	0.994315628907776	0.994397171566773
0.994724835031502	0.995792408879409	0.993798285817858	0.995915151341686
0.997105452893478	0.996326240947564	0.994501100992123	0.990024587690373
0.99493362639532	0.989291952450752	0.996403622966128	0.994305394855442
0.998891787390957	0.996032017741788	0.996375473399082	0.996363919540001
0.994301260686113	0.984933352311868	0.996833555132605	0.998224406637272
0.996264905344749	0.995524203018542	0.993505174915572	0.990948865406608
0.983683217276645	0.989412834522498	0.996484044000636	0.99270405394646
0.997406326803448	0.995764441430022	0.99673934476048	0.982094842837484
0.995929646073957	0.993654076043001	0.991025968112641	0.996154161116154
0.994069453962711	0.999243143522139	0.996844618319451	0.993238353941463
0.994054429482631	0.998089974668104	0.993177328488078	0.99329804007381
0.990862877365707	0.993719547267247	0.994602757465781	0.996268278519439
0.988664017915497	0.990330272963395	0.995694964832845	0.99087262508576
0.998580722429023	0.999319032876876	0.995436717368064	0.996032986084923
0.996000109809738	0.995933435230968	0.996741574135153	0.993834021744007
0.99514603022951	0.991702063040464	0.996839474959846	0.99586412011095
0.993634465739119	0.993608395609478	0.995414333440332	0.996890388855368
0.994668153129858	0.992276970179281	0.996679380996158	0.997451176469707
0.992950285766828	0.997613986786917	0.996844183472653	0.989346678192956
0.996038107449676	0.992684317536888	0.996642406252015	0.995349158868909
0.995283506054383	0.993767998691509	0.988623162972495	0.998408096750484
0.996536109027753	0.996677921008839	0.997589870143671	0.99898156301911
0.995652557367864	0.992562239763999	0.992340826526238	0.992673472784678
0.990539935156321	0.997380438217822	0.997824669058619	0.994549262443488
0.998448558043123	0.998298668282785	0.99029175176352	0.997621350104578
0.99206804964515	0.990416656077153	0.994868257551831	0.991993478107794
0.992902840813121	0.994099620537539	0.99536211485771	0.995399638122835
0.995607729248962	0.988899909158757	0.990981161205063	0.994981676360348
0.986745987148413	0.99155226505414	0.994152786429936	0.994282802276592
0.995762200300222	0.995529101341033	0.997633202962143	0.997852857825956
0.99816235662043	0.998479145740816	0.99600466350451	0.99908347380909
0.998056753604638	0.994529659140497	0.998830834653833	0.994253683411338
0.994368224801346	0.997334961396557	0.992844870645208	0.997589509086119
0.985893593868397	0.991108329391183	0.998514638877473	0.986950896398459
0.99483938735679	0.9956890131896	0.984979470189242	0.991626233835376
0.995750856356562	0.996189314864085	0.99660049388248	0.993330816233474
0.996374837196111	0.993027002746141	0.996021736697366	0.992407203118662
0.981173166562901	0.983617890554923	0.989817337530613	0.990003156774048
0.994130539640714	0.989778938578739	0.990645405598607	0.995414026212234
0.995858862312426	0.999500504977123	0.996908499230908	0.997188792320398
0.997332998999637	0.999216571053984	0.997952610441747	0.997194234456576
0.99163688133611	0.997305552521497	0.990804280916628	0.998561917979787
0.998202308290782	0.992071831232978	0.996576394757562	0.996819249951293
0.99318245638124	0.992984249502559	0.997155377216684	0.99873109334058
0.998819457470588	0.990464345925666	0.992738834200934	0.994091894086757
0.997533228814249	0.991018410581972	0.995871442058191	0.994857281950419
0.998802368498143	0.993884479056363	0.988362737895002	0.995124011631342
0.993989147379081	0.983260943396803	0.998855383310591	0.998533316990902
0.989860230440234	0.976478864764478	0.997193909851405	0.993074597441937
0.991537162046839	0.99480521664527	0.993563751505779	0.995659297712372
0.99655750007965	0.998896793496533	0.998633224863791	0.998313610457599
0.993831834449221	0.995004024117375	0.99623230741218	0.995395481081423
0.991240877602387	0.997484872821492	0.997127970463438	0.994783862023254
0.996118991925448	0.998513113768999	0.993143250725479	0.992087619339327
0.993121472055461	0.99253950388152	0.995375745741551	0.998231535583369
0.998498287959332	0.993921596570378	0.997879229977116	0.990890668944731
0.995532267947298	0.98872422779908	0.989942772912429	0.9836470820069
0.997106498200484	0.995678382321182	0.995549649862027	0.997388912731224
0.991413576127438	0.996123822337921	0.996207017174165	0.998522840711222
0.996560315767071	0.988412625512619	0.991059396163088	0.99355498046959
0.994450055162936	0.998020829725069	0.991413441776191	0.990002168776825
0.990362161272997	0.997170219983778	0.993464069124424	0.988428118656428
0.99445400198762	0.989708829016671	0.998000225017872	0.995153724706218
0.991455095629699	0.996152136369979	0.995473114093861	0.990914593148707
0.992853056759921	0.995641219205957	0.996797056045925	0.994376790965237
0.99761144732563	0.997147184495864	0.992874323345339	0.996102271582773
0.999292594106789	0.997672631618664	0.991985965128989	0.99313457718757
0.997797544223792	0.997584309955526	0.9982191189531	0.993808251309286
0.99385405040243	0.998567315029955	0.996233177844821	0.986109938702626
0.991614153982264	0.992989725381246	0.992290366875207	0.996796943539211
0.996591597393693	0.995986830918656	0.998451948793787	0.998607392541444
0.996557639041744	0.991941939910842	0.996179617463216	0.9976345134105
0.996323922102059	0.993553608219407	0.999312101177391	0.998050407088955
0.990754168108685	0.997086477413307	0.992649403889435	0.998104477490355
0.993533241077804	0.998978433092052	0.992181875323829	0.992978743015537
0.99676092696229	0.991186075269981	0.989969010357683	0.988627128594046
0.996243798851425	0.99532551876616	0.998979233117687	0.99241775540824
0.995697905701802	0.991772621070338	0.995307802462207	0.997569870559166
0.992591502451643	0.99738995284059	0.998655059742242	0.997659577331869
0.997238851132939	0.996280503953182	0.998805984990099	0.994824972383076
0.999382877323163	0.99779040059613	0.99388921013852	0.994839720260084
0.991173275309504	0.99383094095763	0.997276002500901	0.997085559959173
0.996511639252174	0.996242098389138	0.995056453106571	0.994877461313624
0.996802844241715	0.992292226299073	0.998688746455179	0.994805347221948
0.997434183796664	0.998434450683146	0.994029096703939	0.990667844629079
0.99850064573564	0.995247407820296	0.997193172980981	0.994968279977283
0.992157790647588	0.997434212027869	0.991939961621812	0.989689808635146
0.993409148066546	0.983644498712464	0.995194661536312	0.998941877826484
0.99540253126173	0.99088436314536	0.988709086184965	0.997617013759717
0.995615758686833	0.994908555573053	0.992579392281003	0.99367676212711
0.994362756990874	0.996708332537142	0.995766858999569	0.994219079834519
0.996706442123786	0.994743168787348	0.995441287370633	0.99688767112787
0.992898116727017	0.988560793000588	0.992542505878607	0.982054521844587
0.993623224503461	0.996575953364165	0.994768522832752	0.996486447837138
0.995491770934408	0.991692172624571	0.997449969772462	0.996192613170082
0.996157532822548	0.996632981174894	0.996317446580816	0.996297250243234
0.990791705119489	0.994130803144215	0.992832782784834	0.98984693150564
0.996409583780483	0.995294512043336	0.993927641036046	0.996753195819133
0.993324977426391	0.990546705687899	0.993020559976124	0.995442663762062
