0.988770954030264	0.970333671740644	0.985566289676604	0.962010579240735
0.96342574153099	0.991919029016779	0.967855646778048	0.992779763876734
0.956873790135242	0.987229055488189	0.992032603349481	0.996081593199803
0.982334480289342	0.986353963108006	0.985934364282698	0.9877516604611
0.975886978115528	0.987406524962448	0.944833776178575	0.961714359481997
0.986976235624323	0.986970308910872	0.982918587927339	0.97029653329719
0.977451225704755	0.990990216891406	0.972860708862026	0.972652940392601
0.938060870394108	0.993016454300033	0.991885436497015	0.974952480418909
0.990950380420568	0.940286659944149	0.960388076247002	0.955857051749399
0.950915182759583	0.971278072367378	0.969880081831451	0.982989842992468
0.971074865130896	0.985337076419517	0.976953232843612	0.963590337851187
0.986616907377942	0.957667833623349	0.965614213658027	0.955807803723871
0.988865575506549	0.919514322495979	0.980599264362509	0.985741477296125
0.972377957341606	0.92869711493012	0.979667944555407	0.988625680818034
0.947561030152851	0.947613742157368	0.965659960397871	0.977153966397417
0.968621270778772	0.959507067615437	0.984078828486187	0.993900165512679
0.992190282399006	0.965070630952607	0.973248337143363	0.909564210902341
0.98887707647229	0.97834650056588	0.962116770878582	0.992767471440676
0.982214417953825	0.967700194623113	0.992775835229647	0.993652246061436
0.995450332503626	0.93961609122341	0.994002038594014	0.971781599732048
0.931361723664714	0.988505033436161	0.980766578481907	0.964797280684496
0.977825160706569	0.978094616249468	0.987290795206365	0.971113640128151
0.970051194362842	0.991200146245854	0.973219467019684	0.988621901801556
0.973998427495017	0.976362199959592	0.983199746875494	0.91223536544108
0.966893648418963	0.97240321749051	0.938369151228121	0.96335574906781
0.992552719476226	0.986048168778117	0.963560381876825	0.954595374786608
0.980586627456472	0.978893603694813	0.982359507335845	0.980777123301495
0.983130102065456	0.951531322133833	0.988353798528603	0.964544166018203
0.956703098526341	0.938629940913774	0.992964082427626	0.950119359349981
0.905918233771881	0.965997249147532	0.988226194557823	0.979719272915071
0.973455320717827	0.991732040339931	0.963796757194	0.975336463271162
0.983554959361595	0.981820675468647	0.988389259844044	0.979530983299182
0.981851928262712	0.928783456735603	0.954457224515214	0.990157347069024
0.97833816536264	0.971960848071374	0.968776390252322	0.931981228442907
0.980771618788935	0.945548524214552	0.95785079464991	0.967610301549653
0.949476553422478	0.981806083342928	0.93810598549493	0.990937337547309
0.956628621565696	0.968435904422031	0.9703567045858	0.977886821344792
0.984987886386518	0.97109809663872	0.979331863913011	0.986664239453129
0.978772380960005	0.987620963840305	0.983169873508726	0.9868590013966
0.989462892393853	0.963756112990537	0.981278511568626	0.990521722789702
0.965740527906447	0.990278342921747	0.969009755515555	0.976072725817365
0.985109439919592	0.94255617601249	0.96349899886629	0.980442634409378
0.988489729153865	0.974817596666506	0.980692889239657	0.981828357793813
0.990127920378638	0.973859744773921	0.985689725750336	0.961432814674818
0.851876138276056	0.954892055043216	0.992469282017504	0.988173408872241
0.962209057549585	0.969204722802886	0.969102075028277	0.997595412030234
0.97880485748769	0.984562111841993	0.98682311440697	0.984648204463276
0.977467291252231	0.984521112654569	0.945206821465503	0.972955509719269
0.973750814722384	0.919061692411317	0.95755413317346	0.976702548800326
0.985513273975093	0.929067035158872	0.989157816958517	0.924427420491948
0.958625774939095	0.956904604136523	0.972711208210566	0.974762996013818
0.980735343467415	0.981442234729271	0.934249606388192	0.968682030836834
0.98146535602097	0.989930581497364	0.971327758302443	0.972886679017363
0.981229948734552	0.951783567917966	0.993379535821467	0.957508728863737
0.98743528674257	0.972356498118893	0.98563203549772	0.98773956425457
0.980742612879139	0.98978637507559	0.986804617401677	0.968776543739993
0.988531512716712	0.946307878994194	0.992812679767704	0.965740676374213
0.986978584460368	0.974272853220282	0.983425878743855	0.987244014570822
0.982685815971967	0.965013308956563	0.984852542491456	0.968310237111337
0.97752555461604	0.967874232389481	0.992061733020574	0.976541320098719
0.994168874339145	0.976248794165476	0.947151349568796	0.994002282564515
0.975678460632853	0.974351211594366	0.979309035203971	0.992844512590127
0.943153140412144	0.971154144051094	0.991137128450824	0.984748771049948
0.975077959863752	0.970389241872707	0.993216703578721	0.964198403550179
0.978596785988556	0.982432324264868	0.942924856564008	0.984707992715992
0.996772737003551	0.93067345516257	0.991141900848133	0.958315083295942
0.985057051899588	0.92562021868735	0.940877403982735	0.987152718459292
0.990283789181478	0.958683589572497	0.992374890328953	0.984807434610683
0.947935440199576	0.911196796788793	0.959247257970011	0.992946708709511
0.969435343727068	0.832541349020396	0.991531410219435	0.985366107360936
0.959058998821287	0.982837956443656	0.985235771718577	0.977549449527972
0.983713213309923	0.973015179429562	0.99277735663893	0.953558639216278
0.971642902674376	0.980821267737703	0.990358812670225	0.972521242807839
0.968859286984038	0.950813959570881	0.974031987604067	0.974500059007327
0.991597098387276	0.970803374579246	0.983390156520959	0.983164016475547
0.970320051534753	0.975288258668798	0.936448984216739	0.990757213582384
0.928611557295519	0.939456005240798	0.990064231178597	0.950392676793746
0.982478917019632	0.981538321667069	0.950762832394259	0.98540204248862
0.986818582949207	0.976849752349574	0.943898420297542	0.979136902928418
0.986096460506225	0.837257254897012	0.992241417248949	0.991496464984139
0.982412575300823	0.985239134883611	0.96223345710845	0.981479906347335
0.96011319864881	0.971472205260491	0.979945698930286	0.969954806308583
0.972662264623223	0.894991469192281	0.995159917010278	0.972346307922155
0.981543381298665	0.962013910957836	0.992330749682934	0.948365264255409
0.918768658192833	0.929653966264003	0.985343742138061	0.98509009537659
0.993385643390556	0.969189252849893	0.991040005917463	0.993490285581352
0.986992261228019	0.939211219275998	0.981000351216196	0.979438877902292
0.983576939720018	0.986720371738884	0.953564135722161	0.978724799386241
0.977480663822088	0.948387054405006	0.983781351642242	0.989850585248458
0.944222693565632	0.972978195927756	0.983462891630874	0.981321054561231
0.995926733100752	0.935283027364829	0.946507231303625	0.978984174057283
0.979570673227489	0.98523354434292	0.985608857542867	0.967096458969264
0.996720987067876	0.982588731230833	0.981086192248245	0.982426659473422
0.992881228045059	0.983550774428618	0.979669889121047	0.96764069455671
0.969832926170358	0.989555502291905	0.984627230731307	0.935742308342874
0.981144985538901	0.970357794119085	0.977568390670095	0.978441328620109
0.990248604515068	0.97680353974219	0.971403215719785	0.958822027837927
0.971284993053404	0.992104106793077	0.980951435102567	0.992917923369287
0.968009722754345	0.99053360140395	0.990946729241516	0.963728353785382
0.979736444738976	0.980095548251716	0.94126268125456	0.991924301042211
