0.974493156609918	0.983044140869704	0.99349772718347	0.987855116308874
0.979584535519636	0.99407075694219	0.959012135052742	0.962141983953558
0.966773638181042	0.951430314824134	0.950749982619874	0.979478016101869
0.967489493197815	0.989007527993429	0.985339556655235	0.961149454136211
0.97190295718571	0.987986341157243	0.967217907096909	0.992652366194815
0.974321588487666	0.948030948887611	0.968024404684716	0.973160445985715
0.975845796724773	0.986666150886965	0.96866596091805	0.98212867864951
0.982043237986148	0.970850552299916	0.941211987914181	0.992121620045155
0.994603296023776	0.975056353423862	0.995692679748587	0.973861886183135
0.959102356625699	0.977247306862748	0.956764290341965	0.987773596783575
0.962954260313475	0.984359339454657	0.968792204648743	0.964907112211861
0.971428512156212	0.982198422287056	0.962620506614755	0.967581226537195
0.950143473608522	0.978900573805339	0.973384168371553	0.95806003444082
0.966033191804673	0.986847638972379	0.972133650899047	0.954468680269577
0.968578316507973	0.980256716718014	0.977124226367222	0.960688102165021
0.929175734014121	0.951815652526742	0.988067183435143	0.974630165933821
0.986798519971957	0.974823067553042	0.986590580817356	0.991066259508314
0.982389472166529	0.974472069633754	0.947408013016244	0.988326466620436
0.985670788180936	0.986295369301368	0.992553952061914	0.976637581070074
0.98223079490713	0.953284690918101	0.979126724806155	0.987424520353838
0.96915914386476	0.990933812832164	0.995992133655786	0.977089916901987
0.973805759978862	0.951688145010491	0.956515755773351	0.991830364845336
0.990065438916058	0.980095067579791	0.897991343289202	0.965546255597551
0.929793145571791	0.981011317441497	0.933345270058763	0.979462881635614
0.987995201378757	0.980037517180051	0.964294720689242	0.969162561239908
0.983250167899482	0.991215934676962	0.92740629402533	0.982272062600908
0.987850507070953	0.99163089672086	0.98546097492555	0.968922038219664
0.953727400105536	0.966242389374115	0.946935733335819	0.985915216395264
0.992218349826458	0.972742739805899	0.969338680276389	0.974483153923531
0.947627678346462	0.951488953744364	0.905949543285675	0.988880277408766
0.989389264513005	0.943873889876394	0.972779959804306	0.961413999135449
0.977407428686061	0.979543048111815	0.953878789254792	0.980379987073283
0.982504382885308	0.97627320083354	0.990569886396501	0.947727886790605
0.975374128940192	0.984431148234655	0.967668486980958	0.981928072705093
0.983617232945124	0.974442022690174	0.986055085470813	0.97469961829673
0.947315838237541	0.96729693292122	0.925135312981098	0.981011488809438
0.985218031008483	0.9845727140347	0.989693099206927	0.991453220173378
0.945666724782897	0.988164122188609	0.935436867259076	0.949237604845959
0.934298378410621	0.96668035925885	0.97074192018439	0.919570086460534
0.975317415711203	0.970824468251355	0.955123008566577	0.970177260582945
0.976459410094794	0.936194471159769	0.956256749424357	0.977283729911619
0.955178810805891	0.971210666214984	0.950393502114486	0.97793219321537
0.984079040263939	0.965376887902894	0.957922795138985	0.97436913258704
0.972095846037501	0.973661045296183	0.967937764733624	0.957178534822349
0.995584878628961	0.970967967612001	0.97235739824717	0.977321589949299
0.975068823828073	0.970954812522064	0.987495127669979	0.964119927097715
0.979625238475477	0.974961113133956	0.978721646277495	0.974715323481065
0.974365791992893	0.964601866666929	0.982535404596611	0.988246415520302
0.972756677775768	0.980144010510786	0.985930020077085	0.990323328096952
0.988844751244174	0.964859733567786	0.978907481669188	0.967027995135476
0.944144093975949	0.968168093372118	0.974296300072462	0.992792342288488
0.968065272826592	0.991422221627892	0.965801911794719	0.986169668626092
0.980408493913912	0.95904198442161	0.993473418528452	0.990114676658252
0.988425281096305	0.984893708292842	0.967547204936845	0.991109524107901
0.991586780016835	0.935447692394812	0.979260024645069	0.988822588408768
0.979123554790596	0.960662175555708	0.968825595810226	0.979836524751257
0.959057216354884	0.964429604469818	0.969435242737866	0.940170244192403
0.966221501235928	0.982766450007056	0.97004075467997	0.978456841013007
0.976951380382243	0.987645388164727	0.959340756451166	0.9455639983967
0.933775143944171	0.982077065312312	0.9750790408748	0.993155946344098
0.985107972395603	0.960057526491166	0.987004878434757	0.977638036432107
0.958335656931617	0.951502192783995	0.985660631607471	0.977184044695824
0.991774658392473	0.984083910300763	0.980650793293662	0.963248368466146
0.961977228490524	0.948528160305911	0.979376872385007	0.982665250875577
0.985777652513799	0.961572322876671	0.972119145614626	0.990413188645963
0.984211237224974	0.988027710923285	0.99724626045603	0.980236406268717
0.814263384723439	0.99034195194464	0.958001689462225	0.982062329300163
0.97080472501078	0.964553710060678	0.989775632775522	0.95271934321885
0.989626229615034	0.990721460421587	0.959160272547935	0.974725681466165
0.963548485031366	0.976789917571446	0.984039073581952	0.981867406290616
0.984249356862719	0.980808816525134	0.963887239089513	0.971667379632865
0.97877188505566	0.960032231855942	0.955380592135647	0.976136459869388
0.981537807473458	0.969442707501091	0.982638399267444	0.961503530724031
0.968142247642817	0.985053494290342	0.977324752213595	0.982965131041737
0.974396092969372	0.976630625254111	0.979053012723151	0.989692892380984
0.953716777182788	0.92548993276263	0.980025630313592	0.974464161776636
0.981652601850907	0.980891314999889	0.965677780510214	0.981907878168089
0.948474398697237	0.992614688360815	0.977815367954627	0.979348790185716
0.986581259537421	0.986561559695988	0.995789159323951	0.952139555777526
0.986920943353347	0.963280866649372	0.982117085173437	0.994543920302621
0.976998240397252	0.930842347723276	0.961699588928139	0.970577245001329
0.962000221931325	0.973961682193412	0.933386027513528	0.984838826377282
0.981954534704377	0.963827945365132	0.977856648490669	0.98667782675533
0.979431896159232	0.958931111682955	0.977004325198952	0.991369572556218
0.981382676970892	0.977257829934814	0.987653497016522	0.978788991440749
0.979893220175197	0.987954871817773	0.990414833094085	0.946567221367081
0.973465266017098	0.988023303566533	0.973625160603288	0.981630634085639
0.985342041501446	0.988907669242491	0.957337199102913	0.977532814909802
0.98014462886051	0.979616594780199	0.981585527134484	0.956173919195037
0.981828895252265	0.972812486146125	0.985478986392372	0.96685317721039
0.903449322497022	0.965083391881608	0.97680936575651	0.946851707785583
0.956737191954659	0.933841310217781	0.946942694782987	0.939684888927237
0.955613699310039	0.986024858099775	0.970257744074085	0.951182640347975
0.981003401289655	0.926804633589228	0.984255513713792	0.97859646004574
0.992589552056119	0.996198248094848	0.972539946591062	0.992582982899296
0.97350556536949	0.950020878526535	0.96954899367641	0.980922460133417
0.978555462041771	0.99081804504086	0.985239389572109	0.975059829847869
0.982443325138622	0.982265994281529	0.981585767924585	0.971340547993987
0.982976535736029	0.925455645258448	0.961423791029768	0.98038450959966
0.959996501605236	0.996544058483628	0.978033985781022	0.990818926417934
