0.992667581760231	0.984978744718249	0.982814709094588	0.992529557531227
0.990145948414978	0.989175859446853	0.989781650986518	0.986805363131406
0.99242413035689	0.985732067629941	0.993807684133285	0.993892473233841
0.990603959403678	0.98096118323657	0.993300635747138	0.99252597802233
0.992540892329059	0.991992339055245	0.989437218761421	0.993504774794496
0.98418192728879	0.994245597539808	0.992654627215288	0.993454773683276
0.991905525311514	0.98783329401856	0.986793615663538	0.99400542299696
0.995143163679661	0.981288941750832	0.995246274771414	0.97724131257351
0.984368823115284	0.989925740051515	0.980701496020691	0.984891045792123
0.991425056086046	0.987432006747371	0.991668672039186	0.989367813662216
0.984996845894912	0.973261199860464	0.986755774173424	0.994847354911948
0.983821286219869	0.975531383926695	0.986119200934374	0.988974785060791
0.988339685579872	0.997014411045497	0.99664205007365	0.99084118143448
0.989043580098661	0.989385865404381	0.986834042251674	0.989866984143332
0.985402027250945	0.995722130930637	0.989021497204524	0.979094119729387
0.995722597478519	0.988260393252344	0.988690211348227	0.98478407896045
0.992503247465816	0.984569258263722	0.987732199774963	0.992108874635663
0.979377616388661	0.963195307886095	0.983304018625003	0.976677555673278
0.981397370941956	0.99279925866752	0.988529091148198	0.950425707607292
0.981338312882243	0.978079493790155	0.996444505974263	0.993473261866185
0.984705098095339	0.971051831761339	0.980241672265053	0.991579319648608
0.980524160518248	0.99354513272071	0.99770760125721	0.993144179502763
0.995356041274083	0.993531658275214	0.989440436924629	0.976883253193118
0.987933583438227	0.991798761092324	0.980619026946316	0.989609149458842
0.989510113373251	0.987424717937595	0.990745363671492	0.979532694815309
0.986473223939733	0.998117782276655	0.993662391340161	0.99297570964753
0.978253122962629	0.988700895825719	0.995250147290635	0.993141151248263
0.977669932843094	0.988127935791267	0.994124307954382	0.996744076884182
0.99325046080767	0.992420414215636	0.984539285462754	0.978256607036644
0.989760809629289	0.985127060720493	0.977412303680541	0.991865130638029
0.962395463769834	0.981414992516229	0.972908826640351	0.995293371241981
0.991725066241827	0.992411593562345	0.988491918614903	0.996248527720632
0.994709306864658	0.986165886923326	0.994648919976452	0.983824359793945
0.988108366505039	0.992846426949821	0.987420737116702	0.981293025164894
0.995127857709615	0.988116649383747	0.99240442533324	0.983301566279448
0.980864523589368	0.973232791309352	0.985155619067527	0.989448154505566
0.994964101373982	0.995380811294065	0.993411197795453	0.992697247983448
0.989388713117542	0.986091987965836	0.979533827953577	0.984201418594001
0.993479426234249	0.985692502609628	0.985559075017648	0.984949818691245
0.984780942075108	0.988448137622626	0.99056018445914	0.986777178053971
0.988681165446002	0.989485942959363	0.980201313625291	0.993508493020615
0.989688487183559	0.98884088781332	0.985664087594551	0.993241409055471
0.99107828746463	0.990882367726862	0.996075779145518	0.992424066018823
0.993285994353621	0.995426836767403	0.99420649955206	0.992183157410885
0.985473407601788	0.985568692502911	0.922567006280827	0.987553676947727
0.99471942821236	0.985588488200501	0.985268068297222	0.978819207073846
0.994624356843472	0.987824172375731	0.989082779390491	0.993924364310876
0.993916083379435	0.984682217096093	0.994866791197748	0.990956263849484
0.98547511114573	0.991043165117304	0.991084991606041	0.99487298654249
0.99097140811127	0.98894812896121	0.986351487589972	0.994117934130411
0.993705921353253	0.984836192723113	0.987550976452451	0.992680374654577
0.99286793172139	0.988307659476044	0.994844801837117	0.982274308436649
0.989474753480649	0.993563464112671	0.992609933836951	0.978464231274038
0.988825458833135	0.993001166191521	0.975382649991713	0.995504175405785
0.988336119454549	0.990928692567969	0.981979487863466	0.988910936385071
0.994482385161782	0.989979360703244	0.980588884753907	0.979902334265586
0.99233360309684	0.997494548870877	0.994576691025569	0.979573360220154
0.995997325426831	0.992573183615329	0.98158861879135	0.985466466600517
0.986398484680446	0.988573406771763	0.988457973590616	0.986258154940458
0.986066356177032	0.991776838293078	0.992551176307475	0.990991618213922
0.98922529575223	0.989794867516609	0.990314293753077	0.993154082948602
0.993588174312536	0.994926273032733	0.987428894267976	0.995842643844025
0.98603711856845	0.990513181000812	0.994835453050064	0.995568943501101
0.976188958656616	0.973373237148949	0.99096970957967	0.989893044952084
0.987235635816928	0.992677838622609	0.990576191321071	0.995237902314529
0.990910788540934	0.988153175720473	0.991811257079863	0.993297865400484
0.987072338197275	0.99671858139245	0.990094401998855	0.987468983087491
0.993660717208524	0.993668940333145	0.996641573751743	0.988782034570055
0.977156947791472	0.99223385066745	0.996688567645568	0.990630532329709
0.993403907026788	0.986195265052694	0.991261870649526	0.981452425721687
0.992552885368946	0.993260054462203	0.978033801887057	0.993352217642251
0.992292846245287	0.964199762924931	0.977067163172032	0.977717108145907
0.993074951093453	0.990733238339568	0.988544380876282	0.988961726136031
0.984400525722327	0.99010792023422	0.989309258355641	0.983210620198993
0.983390149814598	0.962094019318822	0.981425762387786	0.98935450501144
0.994224927708478	0.991202378933262	0.987637498234821	0.989018828005443
0.992482435122232	0.995814182435238	0.97068240315435	0.983561768137016
0.990838022477936	0.992593537622567	0.986896949058022	0.995064721845815
0.995838370958895	0.98929900834212	0.992791894199305	0.997222957011835
0.991644968361213	0.98859005511985	0.990304370065016	0.991671684420447
0.995100942185104	0.993848781747096	0.991845374031687	0.994347017927924
0.986121011100859	0.993995101635937	0.981099180851964	0.989393986747715
0.985135864272492	0.991368885421292	0.993110063451687	0.977728534926142
0.994027569861908	0.995586848298241	0.982506557324624	0.99399037782933
0.99346788140183	0.991549923745105	0.994798237479379	0.989057919194009
0.993511315613089	0.987917423810134	0.985628918244936	0.995915713869369
0.99130747958243	0.991593666350782	0.994825539783732	0.991034637924441
0.978710367567171	0.989451867163339	0.989727179636968	0.970623596236032
0.986187796726803	0.986432398017765	0.993843131817175	0.989560430645526
0.98865052163472	0.994557323714902	0.992407590368616	0.991346528500551
0.987952003027853	0.983676170529226	0.990781324121011	0.991074813028735
0.987519376086245	0.982748917897907	0.993278214899566	0.985655727802693
0.994371745133998	0.994990520997322	0.990149999819099	0.995353408159363
0.984972428146007	0.990962492913328	0.966269061664927	0.986410264784874
0.982454554408831	0.994519602259154	0.989417349606971	0.990617759707042
0.994023278074004	0.993128604557568	0.984237621708098	0.984457900937517
0.997172962328039	0.991793677706904	0.989494402807173	0.994590612070247
0.991361527580488	0.994765470855857	0.989397450422702	0.994214919761451
0.993753815218358	0.977906327369435	0.985523755591786	0.990476631079168
0.992328450416961	0.992780113069605	0.985091940406828	0.995223719012787
