0.972885413222863	0.961339989318915	0.991971169357871	0.98942730752736
0.976261873331129	0.978696957432695	0.984257410324784	0.994231777977868
0.987512068889146	0.989256095894599	0.987775118854565	0.980165249531465
0.946775879934666	0.975661761678266	0.984569263848607	0.981010567722187
0.979297966684228	0.985757562971614	0.979279218991434	0.981716982373154
0.948230343374218	0.958857179754455	0.912771238025646	0.97595635241759
0.992127622238613	0.964082902695333	0.979781015546929	0.979942141754668
0.980167048248902	0.996778643113941	0.981905504192932	0.992678042449079
0.990886944081647	0.983907709989251	0.974884246586266	0.988051151448513
0.986520934672301	0.994822654396262	0.995414381967147	0.984943934604436
0.980361197453106	0.984858848539918	0.977147856890166	0.971278844933217
0.982065244854591	0.969244184018685	0.976657885571635	0.955805201001542
0.974820193140896	0.975103497828749	0.971615319960807	0.989563277138488
0.975112078565338	0.98157227344048	0.988591613951013	0.976785628193485
0.987986584749605	0.985130003914208	0.97799684962585	0.981998235781749
0.963876724148102	0.984651247926463	0.957817679508378	0.98541244731978
0.975254646751562	0.951963962648607	0.955484318157375	0.98861488630912
0.988146486544098	0.983365211364172	0.987595925589962	0.98451208812182
0.988935716304416	0.969909005406332	0.982866701811607	0.991424305353319
0.97117065776205	0.979458290951982	0.992357626696153	0.970038035764423
0.985007816710105	0.952750118238809	0.981098746869641	0.984533610984986
0.986062188524006	0.989014390789206	0.991258758902131	0.987999479419309
0.980449835819512	0.959700457962952	0.979932606851752	0.950541414644525
0.993753276483945	0.968705381039445	0.970468676938713	0.977194715135683
0.980194090611685	0.983282407641719	0.980158572785991	0.9828125877436
0.977985435847782	0.977598102571002	0.989939028323685	0.987513838598058
0.985814731487341	0.965529234383858	0.979660645958093	0.957186517824582
0.992214877671648	0.969961526813995	0.989013780118082	0.98127912988413
0.980081667721544	0.987471825987044	0.980415092151066	0.984225214483186
0.976759768628564	0.991396187451616	0.984390481746477	0.982703137525947
0.985613305086474	0.976784306733025	0.973741483888718	0.961543522353536
0.990240812401005	0.969802179315318	0.973057333875396	0.974855626944752
0.985790673927208	0.986370605575927	0.99230542429526	0.959978197420025
0.957015705057994	0.984823241226	0.954980422655706	0.990396779135795
0.982578723563724	0.982924040657973	0.951740257448514	0.97845338504312
0.976543525652482	0.992453625295781	0.984483932556437	0.973173366158721
0.962541404559478	0.967718836067893	0.979270584895527	0.983541598192611
0.969140388054741	0.986093758886106	0.980065988932426	0.982362313371156
0.989725391682764	0.991684585556222	0.9910688104978	0.980889851825203
0.968975554984036	0.993369460232779	0.981385254215273	0.991318494129154
0.983767204890851	0.996029825952747	0.99236913599038	0.9911696977069
0.990547062880287	0.952229505573521	0.974693795506192	0.975665192630119
0.987821112128164	0.984368755177212	0.985878522895699	0.986319084320336
0.99111700316825	0.986576930732316	0.991774940446936	0.988188638749464
0.888965676342725	0.958142329556015	0.973031110206626	0.980211337033421
0.978991155271196	0.990081355634715	0.989345675415598	0.981485872572966
0.991218373937312	0.989769289517392	0.992944189830871	0.962462332479146
0.981400154772146	0.981323489508791	0.963162408824396	0.962950629751911
0.984267671342623	0.984048849034612	0.992499018422791	0.985446785355253
0.98515817214356	0.977043884942791	0.983408720689354	0.981483665849247
0.969021906477881	0.985024762484189	0.98495199372475	0.983287264426173
0.981740276776234	0.971580304392928	0.991356519894313	0.981409910400372
0.970568945738407	0.979878586759558	0.966803655823293	0.970987529504659
0.985422352573372	0.987756939683894	0.980230468703837	0.973627493875017
0.992781790151617	0.98480115368403	0.986285877289887	0.987713113769601
0.958920866989852	0.991264383350447	0.97577204181307	0.981017575710631
0.964959685387901	0.978792107544706	0.979263847826506	0.97648689133135
0.964556511374707	0.982422072652422	0.983064971030235	0.971054721013831
0.968996224706237	0.985983254781665	0.931804738350328	0.949382562797074
0.980794390447244	0.988345336249546	0.986420251570821	0.986900048237938
0.967659569109518	0.978712651276097	0.991784013738371	0.983108535216608
0.980210367580043	0.989352603779516	0.969445763632665	0.977668249473257
0.98329116282916	0.978593952288312	0.978751506424986	0.984493282971225
0.971880300136611	0.969335887935055	0.985863396499502	0.972679318068041
0.980755615007694	0.992321429163974	0.977784520086532	0.973091996597255
0.97313935352969	0.982385800371009	0.982989761799586	0.967119510103937
0.994049134375005	0.983012789669451	0.961936892927983	0.994349557582415
0.994660938484379	0.977027579528677	0.98055698691385	0.980677686075499
0.99142097434851	0.995612937160044	0.980229718387578	0.978694118618418
0.985014367859745	0.993422854943947	0.983790090285968	0.973619454906595
0.978154011771747	0.962008369696746	0.990104457817626	0.974711560295267
0.979044075798836	0.979982450426406	0.985644042544985	0.979607205789567
0.972285511727507	0.990474700493783	0.995087796658766	0.985402292653811
0.975215107618962	0.97205367214305	0.985815431658374	0.978067289799563
0.987886189356677	0.984800337931582	0.979968511603126	0.975104963068229
0.974824611498052	0.994785404385632	0.974393404267569	0.981741353783173
0.9728941431151	0.963855111446367	0.987281821084305	0.985869694513695
0.966050901229367	0.966250156129363	0.990272217467257	0.994287300590753
0.973557332789836	0.986226191848357	0.99052008642759	0.971751133291688
0.987325689955916	0.931999520648918	0.983326111253063	0.979065412239694
0.9798115990836	0.99570658780947	0.982853062305961	0.98437954694422
0.961152074561289	0.984244407733284	0.990062878573043	0.952557975049749
0.948463245847213	0.983999355416079	0.942551160488914	0.981355504227609
0.965275170737541	0.983872556625208	0.982231495584005	0.992547736988586
0.981341504290616	0.980011222335665	0.989304570560848	0.985668626630807
0.971517657239258	0.987141741829088	0.981377966181099	0.98895119853598
0.987460454131737	0.991557804145173	0.98696938133573	0.968748533626167
0.9920499378252	0.989027743365612	0.977436475182669	0.968402153639707
0.976574485335402	0.975030095748485	0.988697477957598	0.987360595646577
0.993295883321795	0.97833050677547	0.98451278534393	0.971773332883756
0.984595011534444	0.976367233411715	0.983946148297309	0.966329447668242
0.952408290662856	0.954976078620727	0.996801952095029	0.985277972859671
0.955508219075227	0.960395242757712	0.968801734154294	0.988560031151214
0.965257260323066	0.980975691983517	0.991715525660312	0.984139883322383
0.964620546586095	0.989572486046532	0.991015521654507	0.971972478962369
0.984505757373255	0.975290934999133	0.987951761880487	0.978162672862048
0.990653556308876	0.98758699237062	0.974142148462161	0.994177336553926
0.986647271592269	0.959915447660909	0.981053105330469	0.976761518531209
0.97757897203347	0.966548982929263	0.977089039975644	0.99323579484348
0.988133855783011	0.982785391627338	0.986627627443643	0.982656034156005
