0.98028703040871	0.987355114519336	0.972566569777795	0.986699415449357
0.980889972534174	0.988694154033593	0.989755482762388	0.991825222343656
0.977759496667609	0.975019200319543	0.955390033686193	0.967769854192627
0.986616830181973	0.966414353953961	0.988216633790829	0.994171976080153
0.991492532788416	0.971009713586355	0.985981995592749	0.993815029614426
0.989101064752964	0.969795102800287	0.969190058855976	0.98157732847116
0.969877119176522	0.961894823651691	0.975347489272843	0.988831984074388
0.986061601489812	0.98104524760307	0.983839478422482	0.987578280853415
0.982988363959629	0.979008576896071	0.974241854481807	0.996532083920751
0.895816080006648	0.985575259710958	0.944153645762348	0.971054346209527
0.982260844069279	0.987566490477897	0.973664722037743	0.983583350824344
0.990790959842467	0.986918988926596	0.988716020911062	0.9770631228041
0.993400734085317	0.984921703901204	0.979949320999153	0.964696810669658
0.977526011859088	0.985612360059645	0.965413321341194	0.982333307760802
0.98293260460805	0.97180734431951	0.981270181348049	0.989515547992311
0.989207050769635	0.985960786003384	0.99133023436694	0.988566757103009
0.977622074821338	0.967593490171161	0.970375415850325	0.985792652946214
0.984802765836509	0.988148823818883	0.978649545115926	0.97857687896304
0.984454066623689	0.988368167895317	0.985162049270315	0.969518175027091
0.988032047426111	0.984286304034009	0.968006669422047	0.979778515135503
0.987235434789778	0.98789158335132	0.972383228570304	0.974272878669306
0.975118165959829	0.974735525099803	0.982688396396097	0.971685027411555
0.985287045621323	0.991412136209637	0.990301269620292	0.98783185820797
0.98521645043451	0.975382492782613	0.98172429570031	0.99513396390318
0.971463456548403	0.985222381155503	0.983578890039472	0.957077589643417
0.991140110675567	0.979730187473333	0.991954890618227	0.973331153520005
0.959549695040487	0.991316060160846	0.954541224086592	0.980278058990531
0.992487888541572	0.988851253638638	0.979894213229329	0.991801893507825
0.975650449054682	0.977336544523699	0.982967343705813	0.987844263632358
0.979438248574221	0.98386618772535	0.989646373561076	0.983608427024661
0.982410781961343	0.980294954928472	0.969259979866552	0.989172839444805
0.984138068443697	0.992084612166511	0.985575029612888	0.987780423178546
0.990200341888315	0.978103104150286	0.99651619133689	0.993734585702892
0.985211799658215	0.986621356065499	0.984283046033515	0.99062988254178
0.981753171281185	0.978004259969621	0.990194572979967	0.989805254351821
0.988208187290745	0.988229923362625	0.990486814473077	0.99293566446109
0.97289464576433	0.990834380096558	0.972573327569405	0.995759244425385
0.984583824656962	0.976437516494507	0.970200102566081	0.978701477284424
0.978470037026104	0.981537401011173	0.99346405791962	0.966330146251196
0.98948797159193	0.972527359672727	0.983063042026814	0.978752996895358
0.986915342091262	0.983524904227102	0.993939579451345	0.983203727680082
0.985921943418566	0.967704236095924	0.979185096637233	0.986070682578119
0.981750949098015	0.982338579001161	0.973420841925626	0.991558055957738
0.975552431852193	0.985688514439309	0.976349031874188	0.989837597901481
0.960480658152064	0.987017340648611	0.976966627500548	0.979633269395394
0.985233559746506	0.990844923614869	0.990463777715688	0.989690472452385
0.979066111109438	0.992460576031127	0.98700073499063	0.986499373526486
0.965550656102332	0.98638595011377	0.974952666277485	0.985353331899534
0.969982669243415	0.993325405891444	0.982240052785106	0.983942211764162
0.976886800356706	0.989778958576474	0.906756454455065	0.985768305367787
0.982650633336659	0.96861748195434	0.955973575595565	0.987248908608757
0.991654552057324	0.980308726753948	0.982785501908521	0.983141777771167
0.989433812254792	0.993575575133314	0.962657514262187	0.978923053592322
0.990943208285341	0.989312630032143	0.99464544870596	0.983193387076268
0.985528224484357	0.985390047711136	0.986121106802152	0.984756169714981
0.98285918119311	0.987637881962828	0.985847701000062	0.990862776109854
0.983457328019341	0.988295041079585	0.98871898651269	0.971057481680362
0.991438415746744	0.977630222595092	0.984030023287967	0.979909042393288
0.981061989335089	0.98437431902754	0.986285717287903	0.984164216687323
0.976421040021316	0.967674182074831	0.982150193480684	0.96729888359309
0.966225127662258	0.981973551531531	0.989452847104142	0.977861102289755
0.977815967014839	0.986004546417543	0.969816136032729	0.978335213402623
0.989098098813963	0.994162932766905	0.991326167470102	0.985836468123407
0.979746713493809	0.963088785143095	0.987820899528106	0.984369137276933
0.986616922604412	0.968409570648103	0.972524825767749	0.971049545406133
0.970935956974714	0.958654028829098	0.991585623339363	0.972393842460626
0.983329905024389	0.985314159523683	0.975902067887761	0.98327183711932
0.983963594863808	0.957675243546268	0.982261052573381	0.978951600117083
0.978580898512537	0.988951351648951	0.989632152714891	0.969447034534259
0.993701980080318	0.992182668514733	0.985934391257714	0.989412234952051
0.972336397712519	0.977724448581128	0.984806332717735	0.992094719506662
0.988581417577864	0.99313112387711	0.987055324467007	0.988150332313219
0.987793349618615	0.985003587418598	0.994092212537518	0.984970138655852
0.979989978225944	0.992650651710886	0.980529667464032	0.987652205722242
0.986418222348758	0.975878308468217	0.992387543742568	0.982050113886043
0.984269824698628	0.981266350332608	0.993643413408151	0.98246738455794
0.97724600011607	0.974170133794627	0.976933288649018	0.980106694810759
0.982357149198974	0.96212038683517	0.981532481120504	0.961463877416677
0.988731162752162	0.979825738636936	0.98058073349589	0.989714468670094
0.987900078486861	0.985629430438174	0.987992253148099	0.993949815679561
0.984502842478726	0.971145316402271	0.988039967362804	0.987262148544376
0.980459613489196	0.987652672176703	0.958433548523413	0.981676420455069
0.990376410170029	0.978744176368652	0.978659174866272	0.966086112899901
0.991524822237939	0.977786298978847	0.985667239076199	0.988087858823837
0.976846447819944	0.982435678169352	0.960148958932848	0.923045817803048
0.968110010535934	0.987772771404078	0.9876808196991	0.981816050502459
0.95137206504037	0.965414192532518	0.967304296638088	0.983202232701806
0.978844197302707	0.986263327948557	0.979888405342431	0.976349973441381
0.979365604597352	0.995143949119474	0.988437984838479	0.989710646031871
0.981212986321208	0.952278492004558	0.985898923108644	0.984077375913642
0.98231195378651	0.988735622314327	0.977498017823417	0.970230850584179
0.981574021737755	0.985494870636447	0.980216373161874	0.984453384263204
0.970133658337118	0.978366100806181	0.983509782252148	0.985731380532059
0.983382194156035	0.983843303097185	0.967269024156388	0.975226943758436
0.979818789327704	0.981109039527629	0.993177459489889	0.98830772502541
0.988511479494115	0.979890324370396	0.991150761374654	0.987461714386911
0.988907342464354	0.981490383301831	0.988693621324188	0.980518136777289
0.978382143133586	0.991714194183839	0.995203246629982	0.980266766257328
0.991736374734067	0.982735433905182	0.985242807941952	0.984748175302503
0.980470792550075	0.9814739662622	0.966281613060182	0.969522227619689
