0.985905860549265	0.983744447737473	0.989606752193109	0.983625660846372
0.993062729215661	0.982263112533984	0.993950891252376	0.983974378204999
0.993141076358213	0.992592286329223	0.976834598715813	0.98478185578955
0.994276436690713	0.995677008717945	0.992542586435055	0.991594300864817
0.985991843695983	0.992983825211348	0.994638638634413	0.994366455006732
0.990160576502944	0.990168483098623	0.99083660354059	0.995002487981484
0.989307741753144	0.991034867367059	0.993395941885251	0.990863248400245
0.995896673980758	0.977493743130234	0.988516172305231	0.994323970601782
0.992394344892443	0.993330340928122	0.992982511686263	0.992447426274958
0.989244649678975	0.994082623230755	0.997197630044575	0.9957544844965
0.986740006853585	0.995898464307033	0.984571496630827	0.995852473093691
0.995428565331865	0.9924651713535	0.987910212767423	0.994930945311416
0.994974526422909	0.99646801896033	0.993963793528914	0.989461267497191
0.992271973740001	0.988404936863642	0.9912900212034	0.995375007410636
0.99529250152209	0.98493797407208	0.990461251615517	0.993390535487211
0.994573849350168	0.988895126832367	0.974419733960547	0.994324001793392
0.979702127453264	0.99011849473387	0.98852138933768	0.992741619748346
0.991243066939852	0.994679054243399	0.994000680825449	0.997022823875417
0.995449833127353	0.994677188930425	0.992361444859233	0.989015799494773
0.991591002634214	0.991249826505552	0.988208139536757	0.982141014283013
0.992120427502568	0.990261509098508	0.992081448043544	0.992150356801898
0.989105771041254	0.996480760648337	0.996491396268973	0.990601809681859
0.994607170534346	0.993505210434206	0.993790116889245	0.97590978290746
0.992081467651614	0.989804550096657	0.997693528701598	0.988307916410602
0.992933860907323	0.991237492497228	0.990922545858729	0.992739952298779
0.992859959627359	0.994013052908552	0.996384361818774	0.992966226744941
0.985339788446489	0.997219833284468	0.98038001773655	0.987790449936296
0.993605875029821	0.97883558221248	0.980088964114483	0.994284850675859
0.986139763006781	0.988329729735459	0.993496835116915	0.994433847840086
0.982960680897504	0.992129419595181	0.987287439053617	0.979132629960659
0.998821277935548	0.985192886801995	0.99570584401835	0.992261930866194
0.99207602945485	0.98599675531537	0.996052097880812	0.996994153662536
0.97902888524549	0.986328724688346	0.991771814944213	0.992693138035109
0.990075061972843	0.994357164720513	0.985900614123695	0.990099170058684
0.991919008211877	0.988098667942424	0.991092486266803	0.98790866204451
0.990089970395374	0.992609333272685	0.985201143917659	0.984708514028088
0.981782278149622	0.978318506764703	0.986685968094165	0.987828435310822
0.985825407884558	0.97723030783907	0.99004555113015	0.995464630564988
0.993401275314152	0.984515910911369	0.99612748698831	0.988228591315711
0.996074364815328	0.989912332093492	0.988328325900215	0.989690994291856
0.991774162677177	0.994560249709079	0.998700587727524	0.992227190545332
0.993194137068837	0.991033758755465	0.989350101700237	0.998784785874038
0.988815466595453	0.99237098926676	0.994043825748939	0.992309773249122
0.996931817578593	0.990232841120522	0.99208653272264	0.996140532811416
0.996899348230926	0.985634724225432	0.989170659379512	0.990316663346869
0.991200460341914	0.987734105364963	0.993207263865704	0.987487226727127
0.995124217443038	0.990807246129641	0.996774046698228	0.987932512200867
0.99237036755875	0.978236014750423	0.99505319502561	0.989855792467184
0.993983348075076	0.9909125638618	0.981539280368334	0.989115204513323
0.98868607444145	0.993530102759128	0.995077431113073	0.991748257048868
0.98926346576259	0.982150101424624	0.994060461398053	0.994804295371559
0.991537572081887	0.989980216902569	0.987672096460835	0.988998381921317
0.996529031641882	0.994452473272533	0.995675132686983	0.996155423233535
0.991075738997203	0.989681170947208	0.99141210259774	0.982942454121116
0.994611763510916	0.995607889258326	0.994835374007707	0.982132132669274
0.995199278879913	0.989814373172164	0.99051719827276	0.990909212990958
0.993798098454539	0.990015556454839	0.990602092498833	0.996099432198792
0.991477212105523	0.991340168256606	0.993585480800877	0.976894453773002
0.995791401634526	0.979684564925205	0.993847681202267	0.995394358035546
0.994745403068335	0.987048357584561	0.994992930005159	0.987593150888479
0.990020929514964	0.994896273939944	0.995413239607128	0.991080925231463
0.989841076713995	0.996083968789941	0.995388600938534	0.983981579624222
0.991380555302907	0.995017235415808	0.995972397189703	0.985119268344048
0.992497581333933	0.994311800400727	0.989022401295464	0.989142015888219
0.990690397790399	0.99346873861493	0.992574843219027	0.995852374373516
0.987744656080115	0.987611814965636	0.989295272537994	0.994145837600329
0.994663272465657	0.99315700864432	0.994010969877909	0.997274334811986
0.98823495021682	0.993149469040483	0.991377102339075	0.993138023773025
0.988834046561627	0.979677141731906	0.994885727040941	0.991245876008666
0.987022575075215	0.984923533931336	0.993888585628878	0.991056681812841
0.993911750532421	0.993279864598596	0.987838317033514	0.992218881494973
0.995566224942293	0.996501237617659	0.994577706856654	0.98900193436608
0.993127810405622	0.996569340467635	0.995228785777626	0.988740235064977
0.981093982631869	0.983560479529237	0.988188114311101	0.996183732416746
0.994454957060443	0.991877166744062	0.979174284372514	0.994066155380306
0.993908987911197	0.978548132366712	0.985712857571225	0.995624923938987
0.992869056524303	0.990904032907049	0.992638413214735	0.998269856885301
0.986204454305545	0.988466243940833	0.989680172971089	0.989495658404193
0.994521344663532	0.995604148944026	0.976681597463876	0.991841623180037
0.988161727051746	0.997359937279705	0.994719842579597	0.988718392483675
0.997092386715314	0.981987518303965	0.978088011258691	0.993606190950178
0.995813912077897	0.990377404707049	0.993007203242091	0.987548353805703
0.99158592091921	0.990194630567545	0.997043417921037	0.990478573454853
0.992377125877692	0.993416135488104	0.991107689523504	0.988632764817117
0.993449836778875	0.992323858871323	0.99238708276544	0.99420262890894
0.99339738459906	0.997833231429125	0.996179323588916	0.993695051809267
0.992718759900024	0.990660609501669	0.993114213030033	0.991220093609377
0.980557544797775	0.993796061088976	0.986825125929901	0.994656270636269
0.981092724347091	0.993832404947001	0.996267050830011	0.991957056405471
0.992127577461256	0.995794536584477	0.989745572616173	0.995736886522642
0.97404437885996	0.993208490574296	0.992687136940736	0.986189314763979
0.991493554657472	0.994089159433531	0.988101517895235	0.996118330831809
0.988345557095493	0.9891866696498	0.994445994670431	0.988786696367646
0.992540397398765	0.995695057249432	0.988558785703297	0.993041531372653
0.982776582288113	0.988261070715746	0.983910676204332	0.993369996109204
0.994276071814499	0.992657685127832	0.99056076401149	0.99208640630406
0.990454682921158	0.994441347047477	0.989567292509009	0.989438112189022
0.997915933613916	0.993682187623132	0.995426436845298	0.997151823681491
0.991590889363087	0.994678290824283	0.995746220755758	0.987590475240734
0.989349113128092	0.99302223309246	0.997451548646911	0.981297933614959
