0.955340171111631	0.954710005863358	0.979860775720985	0.839557718689898
0.965912391568062	0.896743804604705	0.93812451015762	0.939273217921054
0.954541306649833	0.961789136093662	0.922855150825688	0.935341928557788
0.967855919141798	0.973333401016506	0.966810071868757	0.853986277484635
0.955010171805055	0.941480886808784	0.839490573490955	0.981664798383553
0.950960966560457	0.845600555446025	0.950292987785852	0.978808669475191
0.942133476588961	0.978798104977599	0.944002699176604	0.972105358091993
0.925051358335735	0.944670457759849	0.925185811294698	0.96695198257036
0.983250454293187	0.930560838995513	0.822914813399972	0.959819052991721
0.940796034039171	0.971035181280151	0.967710767703919	0.84981112770337
0.971802405448422	0.965239951956702	0.973151043859915	0.933685108020606
0.980776669939711	0.947715211556384	0.935849644367243	0.976714816716366
0.935471013174033	0.942301512795472	0.969040752791687	0.969256494020828
0.923582738565655	0.974211751483428	0.95865463289983	0.962361070030843
0.979849565635022	0.950092051725607	0.972773165643635	0.962183358400028
0.962740531327249	0.945137383829491	0.872282119489447	0.992736303193862
0.971817922626981	0.973388682782327	0.968085359736461	0.964585953223077
0.951071480538362	0.956105690756849	0.947759954929398	0.975588228838619
0.923154022236518	0.925261853978945	0.975120227813423	0.956647390551005
0.968045928741789	0.974792598640467	0.866433585776701	0.976046546995855
0.928147868192463	0.977412193698314	0.910861523008524	0.899071440367445
0.975136915662303	0.965298540664488	0.969045158027728	0.91922957175936
0.95708360624352	0.950008120358853	0.941838520378846	0.960512908917778
0.960960499096686	0.957556099544241	0.922392566672299	0.885387659448403
0.97500616461511	0.982830955957589	0.937973015256917	0.983836457427313
0.934594740940772	0.926260120436008	0.948426432442939	0.971215723171256
0.975223559857167	0.934643787677043	0.957803995573479	0.97445967776224
0.949967906256612	0.988936933279497	0.97237910021757	0.970741971363333
0.988104674264415	0.938265442053312	0.975963077911752	0.965710011398383
0.946181125379128	0.980442905916746	0.949928090129175	0.954022216587586
0.964404891378888	0.946798453923781	0.969733677476989	0.96706216085522
0.947301482775557	0.925099997820273	0.948970314441731	0.966904488901226
0.911360649090937	0.964809271259547	0.972005885613098	0.945143342040644
0.915450286615759	0.937519292240071	0.975009306743069	0.957224469085007
0.980900400016946	0.952381495011478	0.910529663858221	0.939466034625419
0.918992136532363	0.984027671778626	0.933207679195519	0.964415866503426
0.944237033775688	0.979770065670527	0.976901455357707	0.929883156836242
0.951029235879398	0.951871277321413	0.960699220636807	0.982565840548547
0.871351833105334	0.969304146369247	0.973159543218658	0.962126752073053
0.924359110012666	0.812849962725559	0.865067861415966	0.930699831986454
0.965637628688685	0.954516161225903	0.956810815622972	0.871518837535373
0.980927477387696	0.920636489712129	0.894587651516243	0.951016091353284
0.976981434389744	0.909870489147215	0.981159617338462	0.974188978120893
0.83563117534104	0.941604740965176	0.936458507802141	0.982488006519777
0.911888787432155	0.933229960267543	0.951919919157924	0.968173464638985
0.968256501653188	0.923533583519325	0.926709532257398	0.901383988078432
0.955411678548494	0.946403909660754	0.980769882809694	0.944996912497327
0.961125081415794	0.946178341911761	0.965226826522873	0.981151911545877
0.933130315687354	0.89662421140122	0.933540039967174	0.966982712639099
0.836822883099623	0.964809982699512	0.945079162636744	0.944938181353076
0.921144874274641	0.944455195146468	0.956463538671924	0.950010362062001
0.959151455836146	0.958167359310813	0.966916333073585	0.884582558893936
0.871517418716649	0.943143418646207	0.929239475441438	0.942325003053935
0.766930313039321	0.911033984584719	0.925201639229285	0.956433208407559
0.904125702845361	0.988645334946377	0.959462474308989	0.978029130624833
0.898506315481283	0.970211420933475	0.936590451907492	0.894683473414026
0.983187290289488	0.907367132904046	0.970560767908208	0.953973954639191
0.933298359071664	0.964490302519204	0.940435244170889	0.99034787666333
0.933731016541976	0.973954238320556	0.984076864746726	0.967027916223213
0.973110787939567	0.965192785368079	0.979885955488751	0.943917867418503
0.95873671983962	0.92397805466466	0.981232658502678	0.923691338373938
0.973431448993733	0.947339503626691	0.947546308259474	0.976765837545322
0.981207365160221	0.934083177484148	0.971306524361672	0.904723699220552
0.915709193242219	0.9701686421709	0.978137953265302	0.975498336555348
0.889650179037493	0.943875309493295	0.574814543830628	0.744288772830839
0.966690133471935	0.932018136236403	0.98543425079546	0.963710781556986
0.93491243568263	0.952266520060616	0.886819201279694	0.938130491362581
0.969637239866543	0.967852435558909	0.890576549978013	0.958222573773853
0.979807742457671	0.987372412638186	0.947081574563199	0.970330034311561
0.958561614244024	0.903479239493112	0.953637617852857	0.971463919165773
0.978492310918706	0.916472184639453	0.956199619596191	0.937993183318077
0.92208193204279	0.864254743284347	0.967526432551811	0.957393801720781
0.849776363274457	0.953883364258737	0.883261506161487	0.976454870318881
0.960426182748888	0.96508135391671	0.974184157207361	0.913433217319744
0.96477056848131	0.861088560023994	0.912451434066999	0.969123035940446
0.976233084698255	0.963718490829057	0.940578546549291	0.926172888447957
0.967879479410677	0.940199465804975	0.964471800837149	0.915106629403308
0.943926749502233	0.965618187478662	0.970774878635706	0.964713452334281
0.984504399594727	0.931922065809072	0.960736602382684	0.959021794987963
0.923780594839206	0.975003183699961	0.958222554428675	0.983539884662405
0.97857208455173	0.856072356248262	0.82416899623682	0.953049264964875
0.904820968550544	0.982676172496362	0.941354797200929	0.984608756946344
0.947008337412569	0.94757141924995	0.970358206941151	0.977678849445437
0.942727869086604	0.972516694409069	0.986815498444265	0.979900033829675
0.95005809140488	0.96247212467402	0.908462665968029	0.950155636114734
0.954848789590232	0.954512062530531	0.950933550560634	0.990235817303933
0.969143759488375	0.934518119540384	0.963102097919756	0.961568930746714
0.922882431301556	0.950183877663914	0.967133864728574	0.914322783269506
0.892838342924007	0.971749033090071	0.952645545281217	0.979498453431133
0.960147742625313	0.983200768698721	0.934752161784921	0.917643916658839
0.972912917300319	0.974266191950032	0.96197830740133	0.971405775508487
0.96342244678982	0.98482629411068	0.96502754301156	0.961340469769646
0.952305814818437	0.957175335710882	0.935086239826641	0.974251574296836
0.965201379816569	0.882766620198204	0.883892956165435	0.976008924602228
0.966568407578463	0.977336831353528	0.93197133642163	0.98710775778301
0.947099057499788	0.94429094577711	0.991270061971102	0.915582450974977
0.949602809616621	0.966581664654811	0.961630822040675	0.965543679670406
0.970360860787766	0.970801759505799	0.966446592434428	0.935528254380797
0.963004930775249	0.931173915966027	0.977345235967171	0.890527148211461
0.940976117658028	0.925457578317381	0.967111193088485	0.964057894340015
