0.963381088085592	0.969278906522679	0.979626474948549	0.977682571211301
0.961416506063638	0.969975633796631	0.987505554009678	0.975516295535491
0.971269618794704	0.95857591681395	0.977641020875319	0.945422346128814
0.976862220465909	0.988195749314675	0.983333528950272	0.900406317293246
0.96027612089544	0.977023851682509	0.906158842023108	0.966759657767338
0.976670877864913	0.976502132260997	0.960295335489915	0.940671484020687
0.949362479773209	0.935660612890743	0.980533567618084	0.95918026205589
0.919670157505381	0.982662396880418	0.977415469141047	0.777204471004002
0.974698643252105	0.977114043386023	0.960378697576364	0.932702029939918
0.975204444278953	0.970480608190417	0.95446938792741	0.979018429331016
0.944923616754534	0.991725687136423	0.949844448583198	0.977566959808997
0.976783976874863	0.94091070429498	0.97322150452837	0.988108078814698
0.961926615695647	0.95770079112211	0.990558958609931	0.975641307985977
0.962891665366859	0.985272677066134	0.955031357943042	0.955772636915701
0.912401038682586	0.956675535068145	0.965534930926188	0.940734865595014
0.969529703493084	0.969419131929456	0.959006122384223	0.90928673663425
0.946923632679637	0.973366396352461	0.940486133107299	0.968683915353807
0.909751739376387	0.963693472552835	0.969147961453484	0.979305477066092
0.939554231056215	0.956146234696431	0.957150018940685	0.934327213177492
0.951724328619748	0.959985428130384	0.965506964862068	0.949245892687297
0.903583477736805	0.904781419481981	0.971700099233385	0.94476676930113
0.971405694638493	0.948268107567563	0.969497799849342	0.938951998956598
0.950992166670105	0.981749907906092	0.901802824988467	0.945371961693963
0.961635479064219	0.941436399240693	0.953684693673874	0.950800116170011
0.964097552932198	0.89954938015603	0.955949821829949	0.963881506918936
0.974963604927474	0.980313161611154	0.94395691945439	0.973125351042177
0.940401515016829	0.970321509986398	0.960411130499382	0.964164653133999
0.990456569805271	0.963611819729243	0.969415634103764	0.980725833003906
0.884733463475451	0.99048845451739	0.935936129456387	0.974294677148048
0.956750010789617	0.978167977719479	0.98236931862392	0.975016125100343
0.973899534605618	0.961708030540529	0.931078890603416	0.962869007483748
0.978461437144065	0.884984917989364	0.937160341535318	0.97824284036895
0.979239973937622	0.967705654361622	0.983222099081148	0.981130187771719
0.980846482545415	0.966652302738631	0.976275321266068	0.972852700092179
0.983396861547661	0.928082288248899	0.978886450072768	0.983411256620805
0.937936065665096	0.973467303915684	0.974386273696199	0.956188220627539
0.933067234622287	0.933344880227754	0.962626491311251	0.968769939516677
0.956413348416939	0.962055526516822	0.991096518213013	0.95093747383967
0.966392290256798	0.951469413783533	0.91373879284925	0.97851060273618
0.941413050985045	0.952340719849836	0.960368908948453	0.97934204461448
0.983476677038161	0.925829056415721	0.981719220999981	0.965951358156921
0.985738703956364	0.98683293105506	0.946281585071233	0.982864336204328
0.946945184421738	0.969437932566166	0.961607927616684	0.954438692809304
0.968239862626584	0.986859533412893	0.983020384011967	0.937488675572063
0.929169016628037	0.936724972821267	0.965984602528379	0.906922724946973
0.491911268289705	0.917128945202306	0.958934356115034	0.93948334059212
0.973172450049133	0.992742295185521	0.977948845662991	0.975643846811805
0.926867789072666	0.969069732780831	0.969171940949838	0.9676431483221
0.946034929811555	0.960375661238494	0.972117761548116	0.984107136662691
0.970596891870502	0.975164091286888	0.982813262725431	0.935483117501495
0.974243582446181	0.947804758587252	0.968213003691757	0.978628206070735
0.974380367693924	0.940803707068797	0.952322737463197	0.964606004553082
0.92922177690651	0.979705827027398	0.970450669419019	0.975298986501883
0.943703846832706	0.883780930940603	0.962157924764557	0.97179488047205
0.94915215756523	0.969908355566886	0.95447301538867	0.970528336141466
0.881260364121217	0.981046947143742	0.927588528601577	0.935325609289323
0.978704650317353	0.911321384395761	0.970975818167016	0.969592923004741
0.986172677749669	0.981277983194251	0.956253124892187	0.975336418285529
0.948972106222379	0.934184623201963	0.954712426333342	0.963633500251845
0.981589845090618	0.9644503488707	0.963959183370411	0.948531983609398
0.968619579994809	0.980028022130792	0.984973540953393	0.932513394482519
0.991735128993476	0.95970192028705	0.947924590325234	0.975058302090591
0.944466456090038	0.946243840947315	0.97526712518014	0.985696460531139
0.918890630499413	0.978102802112873	0.968735990593485	0.973746591483713
0.943559460467671	0.976841592472214	0.975956858957325	0.967575840392921
0.956942969940777	0.968825316490665	0.937668470732904	0.946656088830356
0.950033821800948	0.929128848977995	0.986941303590694	0.910114821983092
0.975723332643352	0.971819971571511	0.96856692141672	0.939199700500235
0.955999335295801	0.964093137465532	0.962215961830503	0.981662508798759
0.966002712002658	0.932186282671412	0.967625383014188	0.895593614438203
0.98108080906282	0.955771512474778	0.966647197498255	0.972659939951449
0.967550475087484	0.9705455448278	0.930591150651362	0.959863765171793
0.976782181958548	0.978240157998136	0.978154005796439	0.976190644580325
0.936405332453339	0.973895580846903	0.924446267467913	0.939706829471338
0.966685976084712	0.959163731330491	0.977814612993372	0.978092438822671
0.964502682912885	0.973926581497496	0.974113657006592	0.980696704631373
0.904719227155002	0.991814556248707	0.950520958695285	0.983996415013654
0.975751865999154	0.971440079345935	0.981048683789464	0.974580059963595
0.986912303566699	0.942883534097087	0.95744333683837	0.958099416599172
0.983848471722161	0.928299383553856	0.966749808978793	0.961564455553743
0.895419918092365	0.742296217320846	0.965899556478983	0.955511851673719
0.935870855383212	0.990171115607193	0.883444217070901	0.984389013819195
0.966007137253033	0.907476515322596	0.983831019931609	0.98843498932197
0.975049662357401	0.988104746143733	0.948370275602901	0.947868807588908
0.9639024803823	0.900512743800239	0.962829072174403	0.978830135581059
0.961559441644424	0.968084528506234	0.97876990964254	0.942222529093908
0.944481830874847	0.933767396319043	0.980854584700187	0.957535204445617
0.947299584321897	0.969579297018929	0.981176574045178	0.971567618569471
0.964532845485309	0.970172081249669	0.85001081062631	0.924493313700737
0.974547726579962	0.883015532383187	0.855350636854023	0.96754399401436
0.98247699124799	0.968739292865159	0.984582137588488	0.973151385817479
0.986481495947952	0.944685387228987	0.988373552164097	0.934401314440896
0.972372688871907	0.955812581849834	0.977400660192279	0.95987931116448
0.974357929107763	0.941258394940034	0.9086941593748	0.962442192411589
0.957429826255963	0.974838746313986	0.980875188792884	0.979765481346537
0.969985881603952	0.936022792349078	0.944550512601059	0.958142900286839
0.979400647959267	0.925541873995881	0.974099209390626	0.98572418610622
0.906024437415597	0.936436182195106	0.95844178120302	0.958724159490345
0.959770613653004	0.974283469909194	0.948375569768084	0.969720668994304
0.970560198144712	0.955303539952334	0.89019026163755	0.985475009946169
