0.976055782145179	0.987245099802377	0.989538338222551	0.98346827206573
0.991796898429559	0.98545333889542	0.991392032315281	0.987537634598336
0.99772251242575	0.997104245382689	0.983639872548789	0.989049306137072
0.98031906228332	0.981679127742721	0.990747326848572	0.986772640728469
0.995415966612347	0.989416858881673	0.986347978103474	0.997465420346541
0.99293688823958	0.989556420145273	0.993893062892309	0.992726164951161
0.99350564594429	0.989055275741451	0.988442858463085	0.99009203377691
0.993766005368557	0.995494761614316	0.994002613679562	0.990332721539665
0.990571289954487	0.993540010097135	0.997339975894998	0.98663804848148
0.987914214824787	0.993987687043563	0.988391256966971	0.990683847156252
0.989924837170673	0.97767190174235	0.991081370530945	0.98613161189401
0.985126704702909	0.99583695522907	0.985233341924489	0.989315178866549
0.995798586077997	0.985092035774323	0.989526604065337	0.992834344176359
0.993460254880196	0.989182937581006	0.982321477556061	0.994819701107845
0.993904923123827	0.99463523294528	0.984081021764686	0.985483923644717
0.997040560356069	0.993402646707895	0.996392671969885	0.990246372020116
0.974594322309058	0.994755843064516	0.988907474280263	0.992839564477782
0.993282143065267	0.987174877001407	0.98930948331494	0.982290227283379
0.980345286658077	0.994427695088781	0.991108963604112	0.985664663674957
0.991795612985172	0.99503995531946	0.992436533260747	0.990047996717559
0.991917358204141	0.975264455242993	0.992666986718328	0.966269849649937
0.985836946549024	0.975178624501551	0.976378704922026	0.978103277936546
0.981040810620856	0.966930343855062	0.990245584593816	0.984599349314988
0.996025104113073	0.970328330882054	0.992980897667199	0.990015311360231
0.976666828193313	0.986529728522623	0.997821123551699	0.993377257637856
0.983343752990293	0.996790256623789	0.993837103379697	0.997479004132315
0.996311803821497	0.993710073342907	0.972430628872568	0.992795937654053
0.993050439578091	0.991262036974615	0.970536104863036	0.952226678445043
0.990647115396778	0.987924355627247	0.988147597014728	0.996775432568648
0.996610599625542	0.981413440110466	0.985908265528734	0.982105762562862
0.98214348392353	0.992176682516736	0.974210704127669	0.991529213535835
0.994345742583485	0.995289995472212	0.982549861450797	0.979897689035379
0.977083799554284	0.996077406996264	0.991491370924832	0.996719091079956
0.983479872810969	0.990927597533437	0.997904890744496	0.996317625199384
0.992138019959415	0.994537352028251	0.990566840714213	0.994052747237385
0.992748400245727	0.985043750791452	0.995231491002966	0.981881580165093
0.977315924023519	0.995916171833222	0.994864389942026	0.984271532672208
0.989152159765754	0.983859231086467	0.993526151558343	0.98859237921785
0.988166919150448	0.992858846849344	0.990659707293314	0.997993673066117
0.991806006962852	0.98971201203624	0.990833528357473	0.987232204988349
0.996064709185226	0.994272424959062	0.988733621201942	0.99613116558723
0.986514774372988	0.994913222014748	0.991319677739523	0.985707368802501
0.994833968825823	0.990254068393277	0.991156653803249	0.995032022052963
0.996296464228111	0.997239084975755	0.992945024070459	0.994393620139217
0.97187049027763	0.982702797752847	0.991783208930579	0.979886971406018
0.987555884473903	0.994402122235846	0.99497210349213	0.993736321066871
0.993436861627959	0.992409868658952	0.990402543400432	0.973226859366131
0.986601630907587	0.988538906704048	0.97377364501163	0.996954247265335
0.986257867171582	0.993327585651591	0.985609315341004	0.996489000260807
0.989853865277777	0.992117681648629	0.995582623352276	0.991127540607031
0.993968578849721	0.996712421637113	0.98714971569727	0.98946919085081
0.973976321842679	0.985453981131106	0.989157961030801	0.995163467853705
0.994640354566538	0.98735810932044	0.995635692451207	0.996133190047966
0.983649311001367	0.987553090356017	0.988033092821699	0.98913993081366
0.988507368699988	0.982461170374921	0.986787875373951	0.993706280690528
0.991469117662766	0.994179643245527	0.974171506755518	0.988985878876569
0.991376819819669	0.995896064477528	0.990238164476343	0.989268692468545
0.987643570269284	0.987434534446554	0.987659339791088	0.987371351867121
0.982774298407977	0.989478126852937	0.98666496716788	0.980820389767908
0.994952381795379	0.994475812147473	0.990645779471829	0.990932845691682
0.994828875677248	0.995164965550098	0.983266632368054	0.988528134686394
0.985322695377614	0.994587170879008	0.988776494253452	0.991499162973272
0.990787388587996	0.978604669386889	0.992860564304561	0.995032653124843
0.996870630553358	0.992318734661679	0.994969591686663	0.97779649302467
0.984737189136346	0.992240953630146	0.986453167654012	0.996155563428297
0.986162816953553	0.992858973045161	0.994259897893177	0.975780162736744
0.983385482131373	0.991400878867342	0.989778365361909	0.994152198450188
0.985290442333943	0.983959515317407	0.98143610907543	0.991673166376329
0.983774256039794	0.990510388922679	0.97579789310037	0.99238153343625
0.987629505680812	0.994093484752501	0.991995740058275	0.985261699926229
0.995971387158658	0.989779090338738	0.992849079152636	0.990821779995262
0.979601479842901	0.986456916672136	0.99252325760039	0.9971579736033
0.990857854917463	0.987015152680965	0.995139097873186	0.994585309317335
0.986147535122835	0.988684270953597	0.993773442482812	0.995292003138488
0.984604284841859	0.991764810919046	0.985637572573065	0.987554484349071
0.992581653017518	0.993609142674398	0.989833550559558	0.985566467604255
0.992288672208706	0.988099341327685	0.985257342192206	0.994638324814134
0.985377471410709	0.979369718337415	0.993487327447969	0.990904715984989
0.986352771952119	0.99238736424574	0.994127300016873	0.993862911691466
0.99064635246421	0.995592160331667	0.990943345318265	0.992482531336853
0.98050114821045	0.993052825242211	0.985387504387962	0.986401446843974
0.980704352186545	0.985624918412184	0.997115630562897	0.994225715413205
0.995675531728447	0.988448221551405	0.990314211769577	0.993017263058479
0.990037546872315	0.980374614999636	0.98970168870603	0.975931319077043
0.98519398813192	0.994574135778862	0.99313489974163	0.994032748747329
0.995503096083935	0.986937763275022	0.993937118275672	0.983098697775593
0.989488428178463	0.989886545443607	0.959518920245884	0.985439630760022
0.997196318504219	0.997242142337842	0.982315106854342	0.990885103322486
0.988608450427674	0.995888374886763	0.985299561164186	0.991383226705868
0.976390282606582	0.989312852843478	0.987521017788069	0.982443802453624
0.978886557874125	0.992644395654549	0.989948907166858	0.985808650169171
0.986498473145394	0.995677211219854	0.996668801884736	0.99106015964899
0.982234992834357	0.992243453812962	0.969620112958138	0.984112432801029
0.993178569550874	0.984999786227297	0.991420957769301	0.993362190272945
0.992628946360305	0.997363842378716	0.989036647491477	0.990888927125062
0.988306930538639	0.98665270560828	0.981069170637401	0.993135871521838
0.985804543680176	0.994310339413635	0.992011784832776	0.98420590467752
0.968432477923048	0.98415533035983	0.989475088846108	0.997331786244886
0.984206223130137	0.982407525656067	0.993760907136587	0.993157943736079
0.982251090008853	0.983644138568037	0.99432900042284	0.994179555289354
