0.963317221677245	0.981813986282252	0.987925867765575	0.983545279628207
0.991877446778635	0.980091957411251	0.989868049901532	0.975627305128497
0.992018526115415	0.972931035214961	0.986624639527336	0.983687881461807
0.982016881691776	0.977850514776669	0.991161694657455	0.977335222023763
0.982510685729605	0.980506475325863	0.98093905151311	0.990180848794252
0.966335175136336	0.986209983425842	0.984604450247777	0.986208857919994
0.977715620189499	0.988116624887753	0.985438374638606	0.989187850825979
0.983244364856495	0.987114585850897	0.941427361266676	0.991865271065987
0.983837067785218	0.968183258673851	0.96286450033302	0.974093969818038
0.990177883092929	0.990226812946119	0.974413625046797	0.979432881328415
0.988034399015251	0.987343139768255	0.988911471953765	0.987938032029817
0.973438216211815	0.992325324534609	0.981724183076832	0.98567837629395
0.989408992726502	0.983876082765655	0.978205498799124	0.990446792061266
0.984180307571209	0.991703940833503	0.972106390220084	0.968778763735241
0.957410182403995	0.9490535000367	0.97728094682347	0.98641450045211
0.985362775967762	0.983061911208803	0.969430851881686	0.990374816206311
0.981166557086792	0.9764955932262	0.977319340490871	0.980111993005602
0.992377510235256	0.920333799040991	0.965482859866694	0.97164246590845
0.989333419387006	0.970641699955808	0.98450525021239	0.9888384654179
0.97840228528106	0.973788140169779	0.988099329306763	0.932911756308399
0.976124783957368	0.995744186302115	0.992209106501022	0.980342812557557
0.981508822819675	0.985570897715449	0.983675598572837	0.982820786199802
0.972606506203849	0.960946714840246	0.961990145490515	0.982282110301311
0.994038422050276	0.987819741134305	0.976501881294355	0.9590317216722
0.989615152381499	0.975865630087214	0.989018239934966	0.970917442427967
0.982880268730596	0.984787486870588	0.97617319601441	0.984490908591959
0.978172624762846	0.970379250168948	0.988769117763194	0.976485062130494
0.99481570343459	0.956643639568449	0.996421014673465	0.986077850502741
0.980857382326901	0.986195453978033	0.979535010862197	0.994359087282165
0.968713680608286	0.981636368746763	0.973005554695076	0.996755544545445
0.986556030259404	0.987560838864911	0.981509849596255	0.984971125516371
0.986408271986677	0.978220336688583	0.995104669230252	0.976159520103928
0.978907084277741	0.970569656112502	0.980857746908689	0.959771861054956
0.994042817032745	0.984356675129176	0.967363868046045	0.984033150191766
0.982854717710553	0.995921420247538	0.972717036337594	0.992474077774669
0.982836089290804	0.981588217031733	0.989320085112659	0.995321333671778
0.982041373951228	0.981955726903673	0.967387600824661	0.986517930699525
0.972662453735809	0.967543867326051	0.986563528362588	0.97315422477619
0.987765725427136	0.965153280704398	0.992007696364005	0.976585125138384
0.966552284937709	0.971562922082505	0.985180836488047	0.954813056088952
0.982893775699853	0.98484581464881	0.984589258087124	0.978636552342973
0.968532505047847	0.98418575196657	0.989274965735405	0.979968953726087
0.995493474139059	0.990067263830766	0.9939162655423	0.978730155651882
0.98085178135926	0.985211449575719	0.983451769752452	0.991201240382349
0.970854294370325	0.98707410274342	0.985658370932275	0.990957689162491
0.993054370702232	0.9665373802367	0.969586555160016	0.938460944158803
0.989109322560768	0.969462943752587	0.969831735835674	0.960658592148407
0.985266067202969	0.98065696788465	0.988245225658439	0.947608554311122
0.988117991945682	0.984552893195933	0.98824138131304	0.976133405454147
0.982863699107653	0.981660079551487	0.984568868511915	0.974180029742758
0.987237693809592	0.971388690851759	0.985075913505617	0.992516079190767
0.990163983810416	0.976542389753547	0.9701871178878	0.975385653350092
0.984206231776554	0.985987577413885	0.984449945990732	0.970924148862565
0.987695146524823	0.984197807642775	0.982109102798619	0.972882819348845
0.957230447912142	0.982827833574839	0.986178555967347	0.990123872234194
0.984029356095942	0.992518147467182	0.973247904993777	0.978538802989662
0.976567393319994	0.989663202804985	0.981880163500377	0.985442832605055
0.981647912689525	0.976919471114832	0.970115215516164	0.990233217674874
0.986613364739109	0.963529552153687	0.964990986727086	0.978885024759632
0.972033946610418	0.977217775785414	0.981456158309102	0.977480810692557
0.981649647893413	0.957581205829689	0.977157448001206	0.985230684550206
0.968298566955441	0.982750786822164	0.980808111792886	0.99639619497682
0.986966340475102	0.989993370663903	0.988038443729547	0.978690455132905
0.980442207572147	0.990178676857479	0.984200779768199	0.988907170853912
0.981988647338519	0.990872899170453	0.983697744418833	0.989735002508594
0.973992743606199	0.981955378430281	0.982811617681711	0.979081424031088
0.986728626201167	0.982315472906711	0.986142113071022	0.98101525518756
0.971478216589094	0.986958876509428	0.972657080038725	0.966162727239761
0.990354652371883	0.971476582481314	0.979997485879601	0.985362611479741
0.976865486169813	0.980174215853745	0.989803097236611	0.956734269087067
0.990743121730528	0.96403922340657	0.985817904543132	0.977918834117551
0.982866089439706	0.980542571070183	0.971742063380785	0.993951339037551
0.978205806165523	0.975853612956456	0.989334273422083	0.991668725566087
0.980624702464076	0.980833176500098	0.988349443361192	0.99064046013163
0.978975058728796	0.98087596550776	0.975637460056653	0.977112275964998
0.986738495735512	0.988440314933102	0.990051327972153	0.986210771585967
0.962017041002014	0.989731085888282	0.97433097194384	0.986407783237824
0.987740934409642	0.97391380628343	0.985272117138053	0.979707685942739
0.980774678910874	0.990414130272883	0.988229604971425	0.991661175435254
0.992274374798959	0.9886583836798	0.990957060271117	0.980629894545701
0.992602863434545	0.979744497305933	0.946520167380031	0.922274137756946
0.987007525359962	0.969813329599167	0.982952493473667	0.987482829220711
0.983840538541383	0.978721177855518	0.992985970164781	0.992762738582827
0.986523662933302	0.969183143934978	0.968602824210221	0.973272988304927
0.989616648578556	0.988317084338639	0.979500636883745	0.98128622689109
0.972718966850761	0.964935994673545	0.970571720580922	0.972300497407619
0.973709632490723	0.985949070134221	0.993508026224411	0.994566670172106
0.992435302091684	0.955407764622937	0.989388796378946	0.983306608259435
0.992587828392152	0.992831669181102	0.98453612881229	0.992230271368811
0.974323384804235	0.980884177359464	0.99017236149973	0.984839747199261
0.990406504941526	0.974393317688902	0.978719839205103	0.984361459722154
0.971635213239205	0.981377841576804	0.972651324501745	0.988260330180994
0.982991921151816	0.965240359789512	0.978849484725044	0.980952780899357
0.991730897597178	0.977971939137987	0.974291889535838	0.942184849802555
0.983888556907917	0.986788286614294	0.989246271721375	0.978424504893269
0.962048309490504	0.966810075862851	0.979739522211918	0.974949336833818
0.977074060435316	0.988085867614584	0.984556718327795	0.990670506020208
0.983131650783856	0.975809815056417	0.993516148223086	0.977766967481505
0.98571979096396	0.984209565271829	0.977963300170357	0.981285418380461
0.97543025517244	0.976914756638397	0.993617946761055	0.990257914359557
