0.973280784176304	0.943766576354123	0.935724711071406	0.978832177092198
0.937839198699078	0.962006853766977	0.930434882043436	0.973367906686114
0.972395687460655	0.938702082241513	0.960739037249001	0.885202926443539
0.940944480059215	0.944126678412091	0.963637718472273	0.973634085730206
0.970522819431784	0.91607999620277	0.949534459022741	0.977032408771262
0.945345454433834	0.942789075671705	0.931970484001125	0.974325829420997
0.92504523928804	0.957331736597655	0.947210004955286	0.954794389110329
0.953566055255344	0.975601144047532	0.937975788750573	0.960263870893756
0.883883552542778	0.971102404973301	0.974231834077352	0.971333108866916
0.894734810610206	0.967605895225642	0.927294360848845	0.972081631105911
0.852237303119299	0.954859187914957	0.92971183383415	0.92732834602096
0.907821422126727	0.923737108363222	0.942698602624141	0.958571628856299
0.982123368427627	0.983687591837175	0.981645721698615	0.972112400348591
0.978546158096788	0.964442725012569	0.962293359082959	0.988937185302229
0.911073766964523	0.941653895745298	0.605453150762222	0.922395220967641
0.956729688720988	0.942932795597153	0.931301021975888	0.949402159408166
0.987164879111592	0.957672291590805	0.963680932181661	0.955835009066889
0.987109466125901	0.939987668317043	0.963721518175302	0.979676808635826
0.96980079259271	0.970570022830072	0.955723443591639	0.950441010621196
0.952779882282738	0.97276069342381	0.983395711091174	0.967752264047799
0.976609388131894	0.971074839501255	0.940813480533773	0.970456851054788
0.958060571624437	0.987046868722505	0.941717456903895	0.960776904985994
0.956050924528934	0.81569268506304	0.957521598197559	0.977712056607106
0.965232564372121	0.956788969519765	0.928397693551733	0.881663084901329
0.974248446564809	0.971004297912367	0.988641489178365	0.974441964529182
0.96306328528176	0.965920945981014	0.984590896060125	0.98300511819095
0.916841868292078	0.971614381292017	0.972768653481348	0.973961060205565
0.945995752845851	0.949683668143886	0.971660305450934	0.96741303541032
0.941434762395241	0.975540724788825	0.954096809088847	0.966735845895002
0.927127211167167	0.97741774936154	0.956140279957042	0.945893634736675
0.940328231397972	0.97728815262714	0.967412595279182	0.96362509425024
0.934406121370809	0.986493526131102	0.97231950317804	0.935160801271274
0.967373286408818	0.952051632296297	0.988592466917359	0.963594042543584
0.986059722192498	0.9217793315644	0.959490672105417	0.964121875520923
0.940159704423321	0.989114332950713	0.981780765769876	0.950140771309687
0.932494216994019	0.960189595560478	0.974798820071802	0.983771185678706
0.982339788274481	0.975598330353428	0.900794646284833	0.983290533505236
0.983920069908173	0.982264049786896	0.958982118940867	0.959050716046453
0.950389283453024	0.982146578014248	0.962036950524256	0.979216476872689
0.969395959211302	0.972699987814399	0.990092047206073	0.97531958733922
0.959716365409356	0.910412116636588	0.935103095550477	0.929797225978976
0.991658883773685	0.991705828356907	0.959158267296595	0.95704534767816
0.952459940771771	0.925173933538475	0.94312073478944	0.967043478180423
0.920323189008281	0.952564811636776	0.972541066764174	0.980667735300318
0.933042074462189	0.964371530436543	0.986713399021821	0.976064427454654
0.932952280838284	0.955005498590827	0.964021288382759	0.977213163124807
0.950393856542882	0.960128886485755	0.962777058505702	0.969119141092938
0.957000244589356	0.976263668020059	0.971554646203102	0.985496064045596
0.922589354957684	0.96535108649557	0.982557853064456	0.953545253452197
0.976999887913523	0.938855422431153	0.96798550586981	0.976535859162999
0.986243137879389	0.961630558278325	0.926847784733446	0.914832327967485
0.987030109498632	0.920698808873282	0.982436975396212	0.958378150373988
0.941641304677031	0.954919129961842	0.985887832486208	0.978857724844906
0.96363457896631	0.969032271409298	0.941455447672532	0.912337512375539
0.932693945791254	0.976922556210272	0.968338856596849	0.971453435578859
0.947560043938044	0.94198420157975	0.969293991655458	0.967897180748316
0.984695417556898	0.957783944466004	0.97397066578246	0.986217643696754
0.946019449844351	0.85410625866043	0.925119613748691	0.903329080596598
0.952480945928929	0.967256772650728	0.95616550166303	0.84226566476306
0.971004859490391	0.963688835934198	0.955615557116743	0.897688121711519
0.932022977098168	0.957164587877268	0.947492959525687	0.980321199379895
0.889923657144818	0.952569054071658	0.947875575610654	0.921031335300388
0.957067530520296	0.938166965783457	0.963654123087378	0.962359485294305
0.96365787224569	0.961960827797088	0.954458330849929	0.98858654102176
0.977318269364019	0.954329091173349	0.971894829718531	0.980234877505639
0.967635146122549	0.960537243121984	0.961949368958205	0.980045321296666
0.945364904163899	0.959540683707978	0.903681469144687	0.968018099086772
0.983086733514747	0.983252343204128	0.976193156157934	0.982324911757351
0.989751532509696	0.960919972181712	0.974459186698707	0.975442934202463
0.960332215170825	0.947288979600674	0.886394351542342	0.977831586747675
0.949093061364256	0.949534666285418	0.957908072091959	0.90874019242391
0.971178378626277	0.975211057281471	0.950767220377197	0.960984951801799
0.969648469712222	0.990209146414906	0.970326358797138	0.957464834160747
0.833170965570049	0.796624878325113	0.920895012000483	0.748792689174996
0.961387335043627	0.950835444859247	0.978513600575064	0.987681418567746
0.945619779367646	0.967167000853974	0.975981181983435	0.988745028489738
0.884060488166179	0.78301276424109	0.9200085989766	0.976409163578733
0.950867414156492	0.982267953018423	0.972083888499054	0.981226465005508
0.867284011585513	0.951113835999242	0.951129648762684	0.97418908287416
0.974621732911312	0.975734982256054	0.955367675574808	0.985295605723122
0.948843058499899	0.851802022936293	0.943119562425621	0.987284048948613
0.923145240544942	0.951813381845369	0.943885190823521	0.958957168265546
0.87174146619985	0.9441579292338	0.981194341322458	0.950937228907003
0.980714269237697	0.95858449631546	0.982465071483795	0.966757713769789
0.974452102970813	0.964649354379589	0.972780588687575	0.980651699437175
0.954714012855458	0.959431606512314	0.881036249511113	0.97882622332599
0.931272453702023	0.91457816618844	0.952450002878132	0.944030754517754
0.968759002206258	0.984298165408868	0.871537345238915	0.953907442661344
0.959632705040074	0.981546244725782	0.949706327748927	0.989278356426091
0.971500718855269	0.927871767976695	0.942673422115566	0.974781419789669
0.973901781539819	0.949778372474876	0.94225315189658	0.919550233617553
0.932126663225722	0.711160264830459	0.882502597790239	0.835370505763602
0.94747574811356	0.982372967489038	0.982136177467776	0.979637993344455
0.990160826382865	0.945287317103758	0.952975961600091	0.952591012494533
0.987555190796588	0.966435396987857	0.909794143735502	0.950148891089033
0.956508051752227	0.928933116049121	0.945238709373276	0.935265382418643
0.957264138588477	0.948971311973434	0.976920493643895	0.911140046098845
0.817630168813302	0.821807287256353	0.97274019010854	0.819708576012574
0.981320521199195	0.977107709662591	0.931392345802615	0.964843129980207
0.976747168956852	0.944431209653963	0.983235863770528	0.964761406055191
