0.991576059669154	0.984686547521509	0.976977468068646	0.988831356711485
0.991109631911039	0.988149801302881	0.993800025943221	0.985701227919745
0.994480300504011	0.987720707120185	0.986501240926547	0.992947374872193
0.986927595634853	0.968788994291926	0.983949381561747	0.987927698040331
0.991233381238315	0.990023196127447	0.991984552178739	0.996607188187535
0.992086636502473	0.99011889735678	0.986528315747638	0.992830577303707
0.994710251438679	0.982050303724082	0.995416603068518	0.995977572846477
0.999024676284479	0.988778429631743	0.988696836035567	0.987762384492629
0.991505996563998	0.991630583132779	0.985939564850154	0.989819258653832
0.993308694741525	0.973328799079852	0.991382745187106	0.998832813560672
0.991534378665804	0.98586817068679	0.985773412585375	0.996593847217233
0.994470269156708	0.995616041827574	0.988976181606198	0.980927719349927
0.996170264493598	0.990671490128305	0.991066037047962	0.989821856043929
0.993681315476192	0.996767168944147	0.983240439577929	0.97710503944129
0.987579057301162	0.981379295838143	0.989120675411399	0.991389050108041
0.984151085950399	0.985583624548388	0.991025266318024	0.989296803895416
0.990453221544436	0.988765206427256	0.994286238076581	0.989553143019165
0.98793805281016	0.991662369002113	0.990970319222038	0.991522518995902
0.991661158680987	0.964773920041165	0.986709388482112	0.99312508693814
0.996983205539651	0.995675477587278	0.991636081175894	0.998265751342796
0.994838150064353	0.985022306005511	0.992058258662028	0.988884234575713
0.974606683360607	0.985144740477007	0.992991798405329	0.978165806290002
0.993997169840304	0.967906675179369	0.993615398956839	0.99124678017618
0.980670748434204	0.996891971308456	0.992589694124642	0.994057919984996
0.99342044809943	0.989290377933751	0.963419328438659	0.985162889455447
0.997328588709944	0.96429509220491	0.988701067692297	0.990168351920756
0.986416504712132	0.989974204504133	0.984512566264728	0.988803380991456
0.997094412763699	0.99693536820878	0.995628112632334	0.985827691738342
0.985267748766901	0.995542756418579	0.995865259851202	0.988493852107749
0.99592298895866	0.998723323262255	0.98433417338998	0.971363326351576
0.992476296526731	0.992718804053767	0.992680298596967	0.992416952183429
0.974532209274265	0.996642722337636	0.988825888157212	0.982427356910657
0.993360682714277	0.996522239458047	0.963182498619491	0.987722981462022
0.987817806922792	0.994894318064593	0.983722748261183	0.987503489842102
0.99416261311666	0.980953294380025	0.996558826571808	0.988675348313161
0.989634585074034	0.982162029079925	0.982839087320135	0.995879043557314
0.987657553284102	0.994320275928779	0.995170652334929	0.991546234604047
0.99234759293045	0.997243662042333	0.98044548835321	0.984157607154444
0.991513169943429	0.987129242863524	0.989189444061115	0.998302252112822
0.992835947396479	0.989579087673798	0.96065039749451	0.984389281451936
0.988124185583144	0.99596407443794	0.990900117727491	0.986009624327941
0.989222432300497	0.991589347318022	0.991664827679759	0.994779088152064
0.984306453183701	0.984679112633387	0.993019392604093	0.994055671452973
0.994809419021501	0.992291417586319	0.992115258494086	0.978185013039212
0.98513041290925	0.989670932347078	0.98679519971098	0.990301004500028
0.991846606485402	0.978493762783321	0.97979528920073	0.989467267341857
0.968460832861985	0.996061107390867	0.994197290859557	0.994363857865779
0.978556639422053	0.99539890448864	0.973980112038156	0.994833078934321
0.994780798299658	0.98734548132062	0.990896245964482	0.98703108730184
0.995529553722336	0.994601960965384	0.98146334753828	0.99631619010734
0.994385006136621	0.996604591091992	0.982793525055047	0.994907343742419
0.997777431316673	0.997509753059354	0.991988418543142	0.989886611293466
0.979114889182947	0.988004717199146	0.974312568343228	0.987932497712529
0.971256635316971	0.989965707048614	0.984930512210768	0.994513975786915
0.991205653646985	0.984348115476421	0.996693588939663	0.990984366859721
0.995762950685225	0.984174558766404	0.987885829643023	0.983331200056583
0.992779764591496	0.975734597902493	0.99722049884586	0.994059480595207
0.972285794049258	0.995800294733541	0.984636991041556	0.973720043622793
0.986259416485805	0.993811246929817	0.988493863570914	0.994920698791711
0.983960913326712	0.988639229253905	0.997308922561117	0.971902948270252
0.982673375457301	0.990183725767403	0.994998407092285	0.987865610269317
0.992372471742496	0.972043650761174	0.984592225482687	0.991906997499439
0.996243100960287	0.990127786493033	0.9576657166301	0.987990412429312
0.995483133419732	0.996628933304277	0.992769209324344	0.985407119072828
0.978333885102139	0.993198802397829	0.982092218325881	0.989706620576205
0.98941451807033	0.979168637544688	0.990135587305003	0.993733519621997
0.990824277047121	0.991875833410399	0.984165624466784	0.993669699966717
0.992826237557077	0.996011372062199	0.991818449397652	0.986340544259968
0.994111364033028	0.9894317269536	0.975616303022403	0.993728055817285
0.991562160096517	0.993064833804945	0.993066235669108	0.990657975814432
0.987002460634602	0.990699171998745	0.992251090126371	0.995653072272419
0.984294232575093	0.976416588764976	0.981108483903376	0.991163499581435
0.997906552663814	0.972078167121977	0.992074304446591	0.989688866005667
0.995523002330421	0.994786971262667	0.994297501978371	0.992250858169405
0.994930146422516	0.98904004531661	0.9943437159938	0.965760281211833
0.986479386783173	0.991655946719899	0.993028928728213	0.98429488353047
0.984783018475219	0.9922432828595	0.993465165817251	0.985733808903224
0.989372898560206	0.981619724941325	0.98427415245948	0.990563452195699
0.984346138076738	0.99299560841443	0.997484497671029	0.99026550303902
0.986834230220094	0.995869630996556	0.994316311952668	0.987341759951312
0.97257556475641	0.993616325213456	0.991357430782562	0.996127775519796
0.994001816531953	0.985636092198709	0.981648680886682	0.98970294169541
0.991974249259418	0.994224695592488	0.980412663351173	0.984642222041471
0.97160265599116	0.995910313231901	0.994944352537466	0.994043590886341
0.992055021776222	0.994401021263972	0.983520666848065	0.996062547838249
0.987675644865027	0.994879036295525	0.990952147167566	0.98528089930902
0.992966610051652	0.987318842284103	0.98763919607506	0.991071850486937
0.989433181110358	0.996137156555564	0.997873501283451	0.971561393654615
0.995546748990965	0.98377854880622	0.979109197536935	0.988623965416685
0.995440809765821	0.989269596428731	0.987360675741078	0.991028353873609
0.992804914684895	0.991088062219921	0.992117389175544	0.997410559515618
0.989460144077702	0.989062986247446	0.975985131876221	0.99638986138218
0.945918996463176	0.996126649792605	0.981145712405265	0.996340184506957
0.98442716403954	0.995902391197528	0.990063231518405	0.996067831671123
0.988725030786411	0.992655040363348	0.993590132628076	0.988286142791805
0.992801375758569	0.988233162168785	0.988590734262977	0.989340445292954
0.977596085184305	0.993251365603127	0.995699553049416	0.991017883225298
0.981529654683831	0.99462041017893	0.988876137305923	0.993694186935915
0.973923489817091	0.99440765017049	0.994641446777334	0.991362219908882
0.987767932271658	0.998236379976466	0.986370771429582	0.986518462932199
