0.996621056229585	0.994479213989791	0.997230928249763	0.990436500626532
0.996509716015547	0.991682595399106	0.997783097456126	0.993180588887105
0.994747452985248	0.998717055817006	0.997137311540971	0.996818251251543
0.989704312062802	0.994693598824386	0.992804608514002	0.996633507547005
0.997179445252538	0.997610110989018	0.998164936826212	0.996519977332988
0.993028645552869	0.989334959960382	0.996831138752966	0.994009752612075
0.993105681585369	0.996233781723953	0.9983585679658	0.99614739250624
0.994443252405398	0.997406184043988	0.99180720394119	0.99292650157958
0.994164957751741	0.99460359550217	0.993634832780759	0.99500469034997
0.993477883982183	0.997888484344183	0.996395656551792	0.99059060766553
0.993043394724448	0.994625262878584	0.995163314964144	0.995468919617754
0.998232689764064	0.99416134536827	0.999062316929443	0.996714248728496
0.992939497458562	0.998675376025233	0.998097863424399	0.994287464151415
0.995834271511048	0.99354414410294	0.991980697563021	0.993234160918072
0.995747208465429	0.992916019614617	0.995849150454621	0.996966487765216
0.988325231750022	0.993971015000401	0.987036926969566	0.998512664105917
0.998929464864687	0.996243353309009	0.992180878673986	0.990996728297913
0.994414394436053	0.995053463506934	0.997805804002967	0.996491791906369
0.995169503462485	0.986903655407772	0.990196438205506	0.991209088007078
0.995450191138506	0.996076213489308	0.993697884581122	0.993669081818512
0.994547081473035	0.992266661400923	0.99600950112559	0.992682306722834
0.996936869363914	0.995531439615282	0.997992081446959	0.994561694174357
0.998792201081383	0.993208957104823	0.988617461386183	0.993719280195951
0.996349135302187	0.9964378036212	0.995488713059118	0.983703619920626
0.995987784527893	0.983537860265108	0.995639610630064	0.999349341394544
0.994105935899575	0.992124136908325	0.99515376799819	0.984554391340401
0.998921499909143	0.996346742437035	0.997407476317708	0.994647782831561
0.996260433954889	0.996623098606259	0.996224678501975	0.99255496771757
0.993305955863419	0.991345374342307	0.99513380515573	0.99692148274375
0.995372154810943	0.993995965102685	0.989722273357534	0.993715511309422
0.995739797525956	0.992004174832545	0.997737420632873	0.997129866715962
0.992508890484839	0.998250633509225	0.989638294133348	0.996750826936524
0.99802152262017	0.99781009196172	0.986521040056902	0.99365256033583
0.995980968127837	0.992130495610491	0.989951342617045	0.996146466286401
0.996766183625076	0.995042110484206	0.994770746758395	0.996839487673587
0.996649428564492	0.997318816301307	0.998011916902661	0.995568695212657
0.992493763110681	0.991907273269588	0.997687208179693	0.99559845036103
0.994539379377846	0.99361349785841	0.992129304204763	0.993835423269759
0.989725175321331	0.998702818948278	0.997609859897381	0.993733110839498
0.996676074603239	0.99131930726199	0.998804447254089	0.99456329379044
0.991817887010338	0.993225898788134	0.995948487665782	0.994489398435564
0.996784714629567	0.996376430406217	0.998596802809495	0.997128988121087
0.992853794101626	0.994446654181154	0.994991037928067	0.992998572926507
0.990634668317455	0.996413038572602	0.99439823368929	0.988748143848641
0.991530025858028	0.99389932009411	0.997507701017886	0.998237050315716
0.988472843541961	0.997821626196266	0.990981417081071	0.994420955966413
0.996452065404476	0.99652754284163	0.995299771792443	0.994646321916334
0.997927247384484	0.998779138510428	0.990769859189496	0.997846103808136
0.992683104972402	0.992633011245556	0.996947231493698	0.997855403742713
0.998064617422998	0.998912402778219	0.99478524675354	0.994820855328531
0.994648341186193	0.998099548465314	0.992236254454579	0.99567979529672
0.996731103223763	0.998621144850998	0.997044511406642	0.990605156055432
0.995070676297176	0.995902434586188	0.993565223569413	0.994386776610844
0.997789387189435	0.991064774321219	0.99207241280623	0.991223624737087
0.992102295507888	0.995109482685574	0.994452556438318	0.994107941152762
0.998216402100443	0.994586688416101	0.999471649510025	0.997719318700195
0.997176732881065	0.99728559426518	0.996036140701594	0.99750642251009
0.996184559653992	0.995166461921635	0.986058374262395	0.996966409982955
0.99405252301223	0.987435026158853	0.993587873018085	0.994747490714026
0.99321799037732	0.996648282348975	0.991015244221324	0.99443053841026
0.996058236144474	0.997063031400595	0.993849663178864	0.995790039070071
0.996120237421829	0.997319101577369	0.99229717555398	0.998180307750345
0.994583117613628	0.994521487788304	0.997272969297818	0.997057306710924
0.994482629518626	0.992614433278108	0.990624973022835	0.990018356203839
0.996167741998749	0.99712767702618	0.999064116041556	0.997071324619762
0.994502154102179	0.99680968533642	0.993705874162265	0.996592364952143
0.994568395766567	0.990758961971752	0.993699452044629	0.993224098315212
0.993711541424806	0.994040280030744	0.995790823712823	0.995831386996046
0.99132308819667	0.995255333235933	0.990144611861434	0.996545059028111
0.992025552531924	0.991271640135876	0.993056244621054	0.989566758931611
0.991169640109008	0.995998009073722	0.997761435229349	0.996997430386996
0.994837559287731	0.998708877334171	0.996415628976712	0.996129453387103
0.993055834007156	0.995536349787992	0.994027589784092	0.991331416260022
0.994260453589024	0.995573894975081	0.995635567080541	0.994406079348566
0.997754991067035	0.997528422296362	0.99834252067346	0.992730803454947
0.994795546254641	0.994472765119994	0.994578767403275	0.988961452431283
0.996655151134819	0.993685227166073	0.996406367883989	0.997711420253988
0.999014486869554	0.998016528193406	0.995651185216366	0.997131147048787
0.995541137839279	0.995240936169811	0.997920149761443	0.992728876466369
0.994945728086877	0.994319692564145	0.99221574532726	0.995912009339284
0.997616393929673	0.997162385000576	0.995552624439794	0.997981384510382
0.994251889430895	0.996768871645052	0.994815401009052	0.997565672151014
0.9959767823921	0.994988355163118	0.996450779162892	0.999324978329593
0.987632844259993	0.990652722120146	0.997913892086099	0.990510475934353
0.996980225561127	0.990644684214934	0.999056963221468	0.996630030369136
0.994888127975486	0.997159590382273	0.993850317230733	0.986634802617189
0.989074470023313	0.99154484815048	0.996613802138049	0.996937538265554
0.993485732714193	0.989140837336801	0.995937158305152	0.992158273215314
0.997007084578017	0.995641015087804	0.995675977849996	0.997276471058845
0.989117449714446	0.992672851427519	0.990833421855038	0.992649619575582
0.997564445181236	0.99788170724624	0.995881987698156	0.990003114762097
0.992247942646771	0.996696356798776	0.998259443224255	0.994338625901778
0.993432800083886	0.998833704297565	0.99484341261216	0.993849707247415
0.993880095533728	0.996369642401241	0.997021699318959	0.993781320227064
0.990106131734304	0.996242806193975	0.99800616388174	0.996341355065633
0.994989890759688	0.997327424378625	0.996190015639579	0.99714762640954
0.998479968868815	0.998623968315474	0.993397359583657	0.990946164651419
0.990392881200731	0.994458448079716	0.995445839084744	0.993538396031702
0.998794858077274	0.996646816203316	0.995659760892794	0.989921960995851
0.993307412198063	0.995496148450587	0.99400221156627	0.991658799366699
