0.979784061526132	0.980788749636458	0.985019340611678	0.982644273349064
0.979703748066352	0.97963442946569	0.985547646183536	0.983455077767791
0.98603577885131	0.986506255694469	0.975756785229123	0.973621548457537
0.986635698891954	0.976847347158475	0.988071929781397	0.989271441112957
0.977208068840686	0.983921067800215	0.989986360995953	0.99324983033145
0.986448167026879	0.972542283168435	0.982709285425278	0.982082323545198
0.974020538894214	0.993496886971459	0.988433743847672	0.979259906772743
0.964885108965891	0.995962542558806	0.98641531922701	0.984886439197407
0.984906622087438	0.97767132339301	0.990169897253015	0.983380500810019
0.982263551285462	0.988336681633515	0.979239341753843	0.992041564661702
0.981195972346226	0.986540200413741	0.986517962866423	0.977084120185853
0.980652158753912	0.981907209210328	0.928854789690385	0.96978006943735
0.991741023839248	0.994339401067023	0.981008081386737	0.989621448099068
0.986470773173861	0.947614597911208	0.988449436361984	0.984347241463664
0.973443419306961	0.964370009925848	0.99115168447856	0.98951664110532
0.983349134545891	0.992458641447319	0.986328231273014	0.984119285114729
0.984059797909308	0.98960449904917	0.986416724073543	0.981913856065954
0.979662185753032	0.960710615255172	0.981735469810894	0.986698468333495
0.984964796454986	0.984762530139836	0.991028878285889	0.98909816119313
0.983347680248464	0.981432723792161	0.991533588532798	0.988055521924693
0.980347469888193	0.985718027631683	0.980241645992913	0.959670608768791
0.982041224449655	0.989013913902432	0.977604026776442	0.981709937852794
0.987488558721367	0.983632389558319	0.993877123730483	0.980014387976434
0.988673948450193	0.986298570635628	0.98938055564764	0.978248843886717
0.977194791936597	0.984676519433456	0.98318202297169	0.992080656436327
0.991851275873644	0.970976837839119	0.987017499945507	0.98466606331825
0.981627904104348	0.987974995117673	0.988061254421114	0.985954320246053
0.977814776129033	0.972491171069873	0.958650114394026	0.983354785719123
0.990515863571949	0.989792668672499	0.995257866726354	0.986447794599958
0.989207642724754	0.992488403057002	0.964815156080538	0.99621102371318
0.986106564966501	0.989143888669783	0.972547564790547	0.988273366319483
0.995025298535697	0.989246696724799	0.986547613605017	0.972238170851085
0.992649130321255	0.986525178315447	0.983017358456805	0.963761345363511
0.9896707352231	0.980637833463537	0.979348718779497	0.987834972407535
0.989735521710371	0.979016082305004	0.964738210547473	0.979076692655807
0.988655604829132	0.982173914779719	0.979915436440602	0.959366087038562
0.978639619756746	0.98660872931676	0.992640780361134	0.992192790428314
0.985812691781607	0.989781718536952	0.984995347596044	0.980399122428738
0.970608968790372	0.986862182162993	0.964589231318145	0.982265878343852
0.984737517987956	0.984234649587538	0.979928673955477	0.988201210039502
0.979728591662266	0.989140004439268	0.942433470117319	0.985370049505065
0.98661928253564	0.987341955362482	0.979505626553091	0.984331351708845
0.984533703812557	0.911139146921691	0.985374703696796	0.985281731760007
0.994038358674212	0.991384818945184	0.938516413560465	0.976042617301381
0.974212788354431	0.988420176202706	0.992148481412706	0.990699667804377
0.987457398909047	0.985682787117245	0.977404889260501	0.994650794329121
0.99618752861944	0.989000090949028	0.986124428374475	0.969474135238033
0.989080421527804	0.990688020798267	0.993720179798625	0.987364791118839
0.992618066978714	0.978006354121881	0.973401466786528	0.981017209679119
0.984887917732661	0.975831933565693	0.980069778926458	0.988541750113205
0.990631815334604	0.983259743038389	0.975141755026829	0.991310272368635
0.989001792775849	0.987264331288866	0.990165645142728	0.995871011705489
0.980660176155515	0.976416335227681	0.970277762144239	0.984275267824469
0.964082161905363	0.985301162343443	0.959336693391606	0.981256139778336
0.990434013334693	0.967341500360692	0.976986065291659	0.977227932659164
0.975745947264364	0.982695656883554	0.974077156066261	0.97660037344275
0.968416767890724	0.978582414608112	0.979598863351807	0.98946040209286
0.963775192783157	0.990026033661607	0.968908830609873	0.979642547811764
0.984130378044173	0.987707868899268	0.984535054983802	0.990946481318831
0.982517187557661	0.993672362618991	0.982429522229651	0.982530629519598
0.981742933790539	0.982503560511132	0.991619488547311	0.989485804269968
0.991738854845368	0.987500995884803	0.987906773246077	0.979388671621683
0.99293571314233	0.993471925056749	0.989074103590935	0.978522979254076
0.996105986506817	0.990138415720299	0.984561151494702	0.983449006579437
0.97453934113727	0.981368724984924	0.991475708063331	0.988756986414999
0.972212514869874	0.968548179451766	0.981164534838061	0.99191776903592
0.986942337613856	0.991101920264742	0.979051479989369	0.985123427234805
0.971396327224653	0.992459765620187	0.968114296808193	0.97789856282679
0.974264447096739	0.956024313309705	0.967811149438411	0.990479078682092
0.992116332467239	0.987475390658433	0.989074623853996	0.988539145609455
0.977915265101568	0.942327717063632	0.988685555510575	0.994077620316119
0.983499010752044	0.982513460892764	0.982650695160293	0.980953259634217
0.985940646499948	0.984511210779847	0.991168695099293	0.981222931969958
0.977338461889356	0.96204002602216	0.970348192060364	0.979176889561492
0.982751752605464	0.978339145010241	0.975807697992134	0.987791505165508
0.972823097317172	0.98685042220712	0.993618730044457	0.985392939699215
0.991552602018477	0.986918328328275	0.983545982749698	0.990552526100006
0.991251938682256	0.986251507492073	0.987394894857077	0.986621626606069
0.988647175816511	0.969150063029235	0.960578392860638	0.97884910635124
0.98699474201717	0.97257621105567	0.983203731387204	0.988068816187644
0.984016513389637	0.968570841154982	0.984546370666976	0.986630966522483
0.971818575776372	0.976959331009467	0.985061048540844	0.991605073793508
0.977583918268235	0.989847740250244	0.97846308448362	0.964763198595067
0.983016480164839	0.973958301072753	0.988928473449451	0.989725547507899
0.980217614398838	0.988414811103963	0.98657391318057	0.968749488690576
0.978066576879087	0.980616118657822	0.980258389876103	0.916366471925391
0.984424242615378	0.990184300906645	0.975753200853649	0.972078054912061
0.980025130229934	0.982635991627673	0.986615881998786	0.991470139009028
0.987563865621755	0.965367189237895	0.975795774978191	0.985585486501973
0.989667160235937	0.988521820896223	0.988734995601821	0.993401606722667
0.987334142604479	0.981345769039528	0.984485427947019	0.989743745370987
0.988386708928592	0.969972242628556	0.978941968266681	0.991890851740947
0.970178905560945	0.979113222851027	0.984372862010344	0.968318124347636
0.978976443299764	0.983276944712411	0.969343365313976	0.960808675041947
0.982130494119966	0.988794553353725	0.989079487552953	0.98026414251831
0.981120705228143	0.988182819264024	0.970513999370689	0.981959524532252
0.977672377031287	0.970293349242362	0.988603459824867	0.98347523883917
0.987349643960971	0.986278141002986	0.987335013674802	0.995104090067477
0.985306227348541	0.973488997377797	0.992942042910707	0.986909068965653
0.992792724771719	0.989123513571931	0.994878337351324	0.991565543024494
