0.912833384280185	0.873343045541406	0.585871126897513	0.65966214981793
0.828117597559397	0.930794985172629	0.936797384763264	0.864474092988086
0.906330515501615	0.866647950828834	0.931552397231294	0.932827478476241
0.931370713125417	0.631989665022201	0.863293100393836	0.793761182541971
0.901003259338934	0.921072613430506	0.806745313243065	0.869160373368929
0.949880586532157	0.955876258534268	0.929243620859944	0.906310867804517
0.926721882517171	0.935362311976213	0.960612325856186	0.667648518875283
0.965783734226178	0.964013184818702	0.897307854894187	0.626172220920905
0.954842406032319	0.91947933766997	0.880593580066176	0.957882231472182
0.834284472553467	0.846631422243279	0.929544960348507	0.865456135988151
0.970103762753406	0.881706524896151	0.917046259351232	0.925191694339844
0.766693695499663	0.724803419953528	0.889941312770779	0.850355352290629
0.909563968348785	0.936125099386058	0.910839300854813	0.805100366774228
0.8657638115475	0.886302752550513	0.839765664552834	0.631042360824221
0.88675221564172	0.854315668376934	0.929092240654182	0.944598086358318
0.938044241302567	0.915861655229523	0.942235374884176	0.942638355383091
0.946887591953678	0.904439938152021	0.95869649874083	0.926337069419386
0.923551247883602	0.93522463720794	0.942502454128907	0.861509791315173
0.811404772910227	0.892396966004334	0.739556311834794	0.936319689411328
0.940316996092191	0.906745260392108	0.8961396274292	0.94499699829328
0.961008421970811	0.958660776327131	0.905271446673062	0.88472126865563
0.865039445691379	0.932029053249406	0.913556220101951	0.946463520188019
0.677315966345136	0.944078383155969	0.572910889800068	0.929810640575549
0.86747838896984	0.809156266570877	0.895716911367806	0.815826558168748
0.66648849396007	0.969569937074681	0.948753959253186	0.917152830903206
0.898496706437105	0.973527154765386	0.968702268025587	0.945748383531821
0.93611333558173	0.842177480634419	0.926293142813063	0.882105999798261
0.821250989368449	0.805778773220186	0.876515641857098	0.977011317355926
0.881480036676818	0.771973200902049	0.78485755275158	0.76586493523392
0.846329950745979	0.912352896105805	0.925947473073297	0.844994150259201
0.67205959254008	0.905409234516267	0.931538542792471	0.954286341309358
0.950493270589197	0.897470547050417	0.903175569255835	0.937353740257041
0.96335341039413	0.766594494794585	0.932559174606486	0.903292607402993
0.866628067810999	0.952863385537089	0.901859955642764	0.931404289633637
0.903361925972932	0.85798342060591	0.863542738159963	0.936444695964835
0.864509369119345	0.96662943193735	0.92841966600364	0.976578418496248
0.924097159946484	0.904594160019678	0.929147756624245	0.793326057618556
0.851135269643125	0.831447120510157	0.939873310856231	0.670040647511444
0.928125860435156	0.926204467077045	0.969363318510833	0.897395747089855
0.797562822367392	0.67688743540164	0.957936119809079	0.973717294316248
0.948429580166216	0.752295556179774	0.967981745122686	0.887610387100556
0.958032161933744	0.940588485157802	0.974667823868816	0.968456652981913
0.901796333857718	0.758795228851901	0.887259257430767	0.957043449319476
0.938404912102871	0.89881395783872	0.943093291634416	0.971990247656142
0.972092002077381	0.922177878011146	0.938215714626568	0.888926523003413
0.942564824613256	0.750513810061629	0.814191497826666	0.890778112082647
0.849727969625038	0.799889106739291	0.937043535964011	0.923669135255584
0.851377586890648	0.909817309746869	0.580730462272803	0.95836542709765
0.903446300690079	0.933953460988917	0.838720501743368	0.911989744751968
0.885215033121804	0.868421705492716	0.874567877817187	0.948736797518283
0.941898644921474	0.792932727670144	0.938467265695646	0.948614899243667
0.96289814873112	0.957417470084014	0.927587975725946	0.777087622894302
0.893262467466614	0.934683643328632	0.968229649858215	0.798197192968284
0.884084990368618	0.689258209290062	0.877180581258476	0.964997643409948
0.916707084474892	0.754927522936342	0.475854865748139	0.797926487389917
0.939043461300579	0.922555523099018	0.81983202435577	0.864772285798997
0.714450515599947	0.820085744922565	0.860013018325705	0.935528762046783
0.941271745990027	0.924070210040542	0.874281980437364	0.917102825380982
0.929317385786328	0.938150887826552	0.848591357228884	0.845178331076239
0.8666824003461	0.792123437280206	0.863412044421173	0.828986694408775
0.793815371334903	0.884516322717514	0.922931824673401	0.95963654351133
0.953060229692089	0.757144301155636	0.657072900406741	0.817164772428265
0.958964995726179	0.824909619611294	0.850203789903824	0.845262561215742
0.802625145398071	0.961443148851727	0.943151672283671	0.651275395928195
0.682319123178649	0.487660714783505	0.871125077299304	0.90264379730651
0.798633389932456	0.785269309742254	0.662971144690383	0.869053787923841
0.594288583591528	0.861299456095937	0.900575279650311	0.955302304204023
0.902190148154268	0.910859398641247	0.954937346232605	0.946752258090514
0.929351605133235	0.953406467753252	0.936770214365354	0.887596434688232
0.903040680741245	0.981111413848257	0.714758814007848	0.872430293953805
0.958413526825398	0.453275500615451	0.949264277120368	0.742989382391033
0.938178694602122	0.919573872709009	0.930902154545594	0.919782429228168
0.703891586689918	0.895293091046563	0.829399142803702	0.936023224373942
0.877710460378022	0.817164832641856	0.880885620478047	0.966412032554127
0.833570066847919	0.484432658636867	0.813929878495546	0.788052428756055
0.896723439277678	0.846688762749495	0.825169019538734	0.839200656362433
0.789032577224985	0.91536435377588	0.899247972728885	0.911346982437627
0.339384960064306	0.87109934822447	0.702475225807223	0.869767439237212
0.895905983675329	0.83784301251709	0.789186767249025	0.954448836593572
0.882365764218403	0.895785872047874	0.949454769412279	0.725822888107683
0.927547191503443	0.861440436801464	0.959311947896327	0.633189643992163
0.941903525573234	0.925193715674673	0.94296378507746	0.915137416690355
0.924740980365343	0.879851856887774	0.912885190687909	0.868448820589498
0.939768697189503	0.952210894880738	0.923704817287954	0.874901331522148
0.786787980576405	0.918546422958917	0.940522889069967	0.803488326870881
0.940352223708126	0.868107274989863	0.858360588044147	0.482108297425568
0.937115076362272	0.785159039468045	0.794739674024843	0.955635877459136
0.855126273541159	0.946635383581328	0.908488705648575	0.939612904869148
0.911341972840899	0.722074041496234	0.898779829203912	0.933834496082142
0.88048508893468	0.903878881482163	0.932011397178278	0.929658290238691
0.826453515266579	0.904610453833686	0.880108957389307	0.904183812120469
0.967331015282552	0.905726977953176	0.880407198744135	0.920062692628548
0.960548606913519	0.944704268747362	0.853170065423651	0.889373687400534
0.834260162183218	0.84982204650746	0.135408492837085	0.815976375062825
0.950419734365149	0.910710262437614	0.966385471383169	0.951727536621914
0.816402540182401	0.964551310695079	0.867004615845128	0.949252621921851
0.79087243909232	0.920973118029784	0.95162875804361	0.875709838711462
0.951072942881359	0.948870217305036	0.772554373133253	0.916028491752259
0.563960855291473	0.952584279525307	0.898606171820133	0.765435071299146
0.907387192266102	0.919765668764754	0.93595192528135	0.922588871162969
