0.996964016267592	0.995430709244768	0.994107089669394	0.994856240747506
0.990981601426032	0.997669923900673	0.990131614382776	0.997270774353827
0.991899724493034	0.990157239931092	0.996607143559901	0.991067362298199
0.996549204604338	0.997305522618642	0.99471558691889	0.996628808604534
0.995889417821933	0.996168440844003	0.991424819486123	0.998687087701635
0.994725631003835	0.991251876396487	0.991601636428246	0.99751184220657
0.996523222911833	0.99513174598976	0.998055613392164	0.99832235105324
0.996509269473344	0.996374125743868	0.994097797546617	0.996849417501285
0.99547077453094	0.998351607726062	0.995796325974394	0.995693659524534
0.993422453407172	0.997753911719857	0.997765975473912	0.995709131230076
0.996848126046842	0.997438226205707	0.995470179688061	0.992682727641633
0.996335612722564	0.994173649457781	0.996426967884482	0.995835771967738
0.995408425683579	0.997509461683712	0.997342976443795	0.996010841640957
0.997504688565051	0.991141584535369	0.993582021407196	0.99538797193151
0.997198591075939	0.995547177134271	0.991343798844162	0.993781719675814
0.99422556950455	0.996950085091369	0.996871422853337	0.993989046831875
0.990921221641724	0.995558762206685	0.996856849535024	0.996607199986533
0.996319604128768	0.997287377677922	0.99505476115344	0.993601924145041
0.995431562298215	0.9962692267615	0.995313578451631	0.995282161139723
0.993893420606613	0.989386055685614	0.990423921524605	0.993941073487303
0.995880755443675	0.993742416409838	0.998059655852382	0.995398080741835
0.994673955838707	0.991044497292634	0.994036973355268	0.995562107833473
0.997401187702563	0.994638204056769	0.99045133896267	0.997400325139126
0.996227922268429	0.998063071555254	0.995641926151838	0.992796240783109
0.99571200265235	0.994601826494577	0.993244214260025	0.995016575717453
0.997862633662548	0.992461836270827	0.995097420855478	0.99616333874427
0.995289199335938	0.988674765546924	0.997131934933539	0.994654743996244
0.996707192910773	0.998121677444891	0.99491494104524	0.992475098625622
0.994645565204761	0.993753531085093	0.99676313126904	0.996122362728438
0.994863477486209	0.996399069776096	0.996886216865733	0.998181504765408
0.996210122652826	0.992667602029695	0.994185803158194	0.998100449904343
0.997041898260574	0.993060480825825	0.99434574416083	0.996761616697578
0.997347286345739	0.987017692093799	0.995897604079288	0.997852534056018
0.996856586384635	0.994037933696908	0.991059710577466	0.990945554753586
0.99747633703391	0.997763614656453	0.996902997546933	0.996558890759933
0.996632783130234	0.99625723592491	0.994095126868677	0.993369048067983
0.991611550484299	0.995081783839144	0.994441688439085	0.997171594334664
0.992591157375527	0.994738705370226	0.992209417688319	0.994876785398924
0.994381792630782	0.994886753303867	0.996122536738217	0.996060684853484
0.994477741460516	0.996958230376051	0.998461474769758	0.997890117061872
0.992622529171711	0.996303135421834	0.994952233749646	0.99619240989401
0.997428878673141	0.997366665269369	0.997253438762195	0.994426377732023
0.996327928874405	0.995200507305367	0.993544728794776	0.99550886518876
0.992698743774664	0.997043025042011	0.996164946431392	0.990167927012039
0.993369010101531	0.994315650195127	0.996367757558399	0.995424579926755
0.997080311914127	0.992800926361626	0.990383679811309	0.996328375765138
0.991102481402617	0.994651842784196	0.996528907524995	0.994199976436682
0.993953709255159	0.995925753679376	0.99408808403247	0.995360468196813
0.994874778172313	0.995213557688362	0.994188250136436	0.995321384493326
0.997240291837212	0.994794990913028	0.99650440639549	0.995706396985416
0.991254704263788	0.994222571204359	0.993811544931614	0.995991140691923
0.992661233178269	0.992226123126869	0.997649240915129	0.995798382091597
0.995048263270093	0.990727950601415	0.996541876600619	0.986261137692173
0.99704325162479	0.995031355401036	0.994799043411657	0.992112011429062
0.998319900081354	0.997564237879456	0.99295990044537	0.992437536234855
0.997238886337058	0.996486059568314	0.99274976047645	0.996561573593442
0.998017983672567	0.996401759813354	0.993955353666945	0.991794798827252
0.996347572955688	0.996931065010425	0.996593940811332	0.992235633884978
0.995250506505947	0.995979336616916	0.993614243223951	0.996130004088599
0.988566269461861	0.990594312184936	0.987057219183202	0.992949892692372
0.994577492717501	0.99806319975443	0.99841549281238	0.996909484247004
0.996257113569708	0.995309523460332	0.99807480828035	0.997453222726173
0.989703011443255	0.992923357619053	0.996669546408668	0.984651689196519
0.996204221402477	0.99402805080716	0.994776281660081	0.995674842473339
0.996253903104939	0.990906064745016	0.990307772778628	0.993995325263335
0.994937015846094	0.994870287777047	0.996229616174827	0.993605558931162
0.995959762023729	0.993729852649068	0.995762080037665	0.995979931376409
0.99536123017878	0.996022888340822	0.992456490256991	0.982029342904878
0.997960311147884	0.995251950605514	0.989984077939923	0.996829788732024
0.995903365629107	0.995814492472795	0.990022270708166	0.996178855668744
0.99551324526131	0.994785451003811	0.994602039837338	0.98965718874087
0.994376309405759	0.99564610455861	0.996518310693966	0.996831075767022
0.99404729845684	0.998526380577606	0.992548246210381	0.993457930233633
0.996344148361678	0.994352736617936	0.996281144720988	0.988382880177181
0.99327310825036	0.995197251154972	0.989709785135351	0.996102159606778
0.988472221739475	0.998840084315539	0.993087614608545	0.992142066918733
0.995884164960297	0.995343531874261	0.994835440168878	0.99534528450285
0.998314061122512	0.989946760786682	0.993315722375473	0.995040652372017
0.997635260836225	0.994046066429674	0.989609921042547	0.997252235870561
0.99477419351983	0.982583369254493	0.990410198749851	0.993496879897515
0.992802496569501	0.996632300983619	0.99602123876776	0.989595468612631
0.993463607628302	0.99578018420369	0.995629402602475	0.99178779945483
0.999086275212112	0.9960475355105	0.992111423971171	0.993599689860291
0.994053282770571	0.995151731112942	0.992216237695843	0.989203574351479
0.994984783190431	0.995830879487148	0.99543008498253	0.996492388180913
0.998307784321221	0.996909976365126	0.998866297527038	0.995844963279905
0.995598445129533	0.994450894437116	0.996099579924397	0.997239898545769
0.996784627568457	0.99491245156792	0.991317359476411	0.994727013496931
0.993766913280335	0.992161785085251	0.993037438389769	0.990838073363127
0.99673533552717	0.99508052897543	0.994085220945086	0.997868763492042
0.996169639187587	0.994027152394503	0.995864714741368	0.994204877773231
0.998346952774632	0.992101122427387	0.994668135655311	0.993184975963984
0.996370754415444	0.996239321688823	0.996154948320195	0.996247401438791
0.992264245946045	0.994819672103045	0.997902293608189	0.998079312090992
0.990290925960163	0.995690983896578	0.99552618644928	0.996379201102562
0.997004079063629	0.997298945462478	0.998832407954572	0.994260987963112
0.997938645122102	0.994713854699579	0.994377859329268	0.998439667801467
0.994290130065025	0.992182614384532	0.995693537244518	0.9940801136562
0.995656621934506	0.992919664949279	0.992992839976658	0.994712723527508
0.993522655179304	0.998188931093991	0.995746776040612	0.997234060789867
