0.98395826774006	0.977105201139627	0.968758437988489	0.978293000908547
0.984166048849055	0.97897357019537	0.973870925764329	0.975974094456638
0.983896853523856	0.994886576568613	0.984763775532429	0.983508827424647
0.991317671587346	0.967462264855504	0.9722506344741	0.989442187269665
0.992354950930927	0.979425332087845	0.976778172241977	0.986482861854007
0.983970187308395	0.968437990408228	0.97907571882272	0.992739214947543
0.978762984074646	0.978478890433504	0.979182795935457	0.939844402673206
0.954460411282833	0.977203096688004	0.990197645584727	0.987346663623036
0.990921497376567	0.968166692719062	0.984803717478097	0.979209964435793
0.988248888699974	0.977933212591481	0.981832198508315	0.975536194659718
0.981192573825646	0.967415373634226	0.983313159821806	0.981832656491747
0.913412007039533	0.992059689199879	0.98752649090901	0.987662895187994
0.986686596445423	0.980438215576041	0.990777437740138	0.992444212516379
0.986088469366707	0.989761540985807	0.98315959063133	0.992558967758367
0.96596256200379	0.978769655384242	0.983655457881665	0.986480678308904
0.978782221785884	0.99096614471016	0.972378653666507	0.975809350082356
0.976087799894255	0.957782249855744	0.967588893822982	0.96859452993416
0.957017673548051	0.97391101644724	0.97491391948593	0.987705665439901
0.993737344932221	0.987373291279611	0.992462402632684	0.979141622739352
0.986961366008574	0.983927810280333	0.980100948364293	0.987840519324032
0.991975449103135	0.986047001323973	0.978704087095796	0.969879250232756
0.98860027280099	0.982144119655264	0.978149048940506	0.978923725962675
0.981984427517333	0.973076389332803	0.992623411503443	0.969252123248643
0.994691239728456	0.978811953232994	0.978345659016077	0.974838069731957
0.984729800919467	0.979301418528077	0.98810570464259	0.991470472540853
0.980419669957259	0.977740459601211	0.980381445711458	0.978070574240648
0.918087800428209	0.985184802174252	0.982887790471979	0.971307566821149
0.99648739358106	0.986076245110346	0.97159661363979	0.969810214721977
0.970186780912607	0.955647689430171	0.9841355631343	0.984075715953092
0.976402571563517	0.970745180726643	0.98270459349386	0.965668721144547
0.98352393473273	0.958428600528286	0.983999644061565	0.981459624525583
0.979577391370086	0.98494480565841	0.966053314052652	0.939335552234953
0.967687788975214	0.978836689948588	0.982164075590109	0.974832223142999
0.983702359134113	0.962620784971155	0.978244300140056	0.972596017291996
0.960156746313844	0.977467359878616	0.975820303232567	0.963918840142065
0.983093696488805	0.9740661827635	0.966441031956426	0.967710732534689
0.975114859077619	0.97750799999858	0.991330969043628	0.983848490804002
0.990956468244207	0.984899948590976	0.973240966580751	0.979887931585745
0.955106877099601	0.984661430258105	0.974716677841591	0.955584750629685
0.986943682792934	0.969875173343063	0.989276709902361	0.989761286133127
0.985913351925704	0.988102445436566	0.976410320686108	0.978255632471476
0.974677168771706	0.98130706624365	0.982105636205779	0.989528795688382
0.984874728442714	0.985864957114963	0.974348059175124	0.991985967833806
0.972308416300383	0.976323405538329	0.986578914775831	0.986604496287049
0.972845730551153	0.988255428045094	0.983878093027413	0.99385759914588
0.992253288630258	0.988029438284918	0.943926436500207	0.989552189509878
0.985221987857816	0.96814116024768	0.981552001523161	0.919439925947395
0.986047183845348	0.987327672679538	0.963114013198755	0.985294482273894
0.98379062267503	0.975344748358175	0.98893053476012	0.989928286750153
0.951529121443812	0.948574008881839	0.98263914178426	0.976557591220079
0.985392939881814	0.984605955332223	0.966821270325567	0.985589444791773
0.982075390230298	0.981161028014726	0.989719720475293	0.989086829990021
0.980723640317776	0.989211076360416	0.986213803380302	0.962233832482224
0.974098184332876	0.969557522984726	0.983746999047851	0.988588467282783
0.931413309037488	0.973471061567681	0.98622618365184	0.983275829253381
0.987371211570966	0.988215802405361	0.982034046818361	0.982965650686923
0.934943222614087	0.957491676007138	0.980316539616709	0.974227370882754
0.971738517556927	0.970823098798092	0.971022975407335	0.96377439717095
0.974680933227632	0.977378910649704	0.983983438229659	0.990851193340159
0.984300322701244	0.983962758458329	0.990052905816316	0.992258729870753
0.97599066909866	0.982716812038553	0.991483496577391	0.990099445816005
0.981826703741895	0.987710833378322	0.98632742431337	0.988944777451232
0.965094384151482	0.994479139104946	0.967264901622637	0.981441470844898
0.993060617195576	0.986062665735882	0.984428598416392	0.991450640661804
0.993441013936688	0.985649253109005	0.97997984998827	0.979673037971551
0.976125131459054	0.990792979616503	0.959579423815165	0.987072709062479
0.983648858464959	0.990417478956433	0.974409825366507	0.994620727980288
0.993429957016182	0.990851219083155	0.98117075275101	0.989766560649786
0.988849909242373	0.993237269625437	0.98053504426144	0.989415346529544
0.988390007198362	0.981510128074211	0.983072986303764	0.983390188072445
0.996833386479397	0.981855622567043	0.977192027590214	0.983586163588976
0.98338189940765	0.973218318152584	0.987298625819307	0.989690440544249
0.9911034049858	0.978194398566315	0.968991752043586	0.978389960610844
0.970938789015155	0.976690788194163	0.988184712281125	0.988477634294287
0.973070427470143	0.98775547171974	0.981875554252048	0.985080006162371
0.971277299339091	0.989351922599271	0.969198998185363	0.984893937259536
0.959133292659271	0.980887778102104	0.976706023993627	0.988957089471493
0.982863401688746	0.985472020932855	0.976357961932446	0.973330532235509
0.985374773558236	0.960221374741122	0.979414216009686	0.978670164481768
0.98402305810712	0.971263420265905	0.983349227736685	0.990705407841284
0.981901555087282	0.985343319621056	0.984554590699366	0.971770121181347
0.985541869010026	0.981559249202981	0.984916578860658	0.991526802373028
0.987760878896204	0.981333358094985	0.975951137048758	0.986615294868443
0.982635037241743	0.976513868669507	0.988500391932445	0.989256598647347
0.981641649357406	0.989366020941148	0.971978929276116	0.988085090905396
0.984629951679065	0.986616672563541	0.978123340518234	0.993009261014723
0.995788604024878	0.974451793379904	0.989568031740751	0.985043268490753
0.976393416759179	0.977805233465164	0.9963791658803	0.970701019537017
0.980237415440957	0.994173433669446	0.986433825672162	0.98417945378826
0.985275317946711	0.995583306264169	0.978457557922028	0.980245500513296
0.981444369913458	0.976775807632248	0.970147485132808	0.992254629239505
0.975230694258339	0.989270577523931	0.978599805679522	0.981443076609699
0.989185612567963	0.990563717252839	0.971977801184614	0.98930831438214
0.991394013977836	0.988453410051612	0.985319181489385	0.978013495476633
0.987500000416286	0.984297790540946	0.978789415948894	0.962228929358815
0.975559774131231	0.970712984198835	0.980882488957866	0.985797687678791
0.982480400044311	0.990944134323104	0.979875922809714	0.979663410431307
0.974017615777813	0.983211092098855	0.972425046348914	0.978181501886616
0.966319324826616	0.994536444023045	0.989176670250151	0.986178427111613
0.9907887565437	0.970693319707854	0.982355357808994	0.99553848177186
