0.990693834878852	0.985207233962503	0.991645579896022	0.990575872712116
0.990726261716673	0.988872662765342	0.991438260608398	0.987889760798564
0.995541631573908	0.986256372267834	0.994751621427045	0.985244321286881
0.990088651016353	0.995895850651971	0.985751533609007	0.983122231283286
0.994378463101029	0.99422398314358	0.992957067019188	0.994159767063902
0.992650493690633	0.992222215494853	0.984348290638294	0.990972831324843
0.985413675485712	0.991293338027687	0.997357414683872	0.995928370859631
0.983853932652375	0.985617520865206	0.985110209247667	0.99267744293519
0.99197165052165	0.994559726138028	0.991223360229678	0.991127977109437
0.986430812649779	0.974481909907285	0.982502884438078	0.98695713143646
0.982066171628584	0.98489095778288	0.989939375801962	0.967180343743677
0.990773876761513	0.993667089950239	0.988434615030177	0.993622463773995
0.989725552518164	0.985727633985347	0.992247464542943	0.990197107789946
0.981971102032202	0.995122675356478	0.989149978269323	0.991564129192899
0.987459659021097	0.994107828861474	0.98276257657079	0.989709483634686
0.993542717369439	0.984198405946216	0.990616720322837	0.998773919528207
0.988484356503137	0.992884510790709	0.996737418969464	0.989587597100043
0.972260318147192	0.979581601600182	0.980269492596207	0.991637345392709
0.983487172496686	0.993212929709659	0.985159193935324	0.975613133486836
0.996634911163585	0.984339210402523	0.995937666802416	0.990703719017224
0.9891739572239	0.990060473603733	0.985425623049668	0.992116858358567
0.988746510818452	0.991166467150302	0.99411789123147	0.986891850163094
0.990393487010471	0.993824236085564	0.990947587218692	0.992586195257107
0.988132153443897	0.969868746636742	0.990013830058222	0.984374243905892
0.996155471460531	0.991527891835761	0.987925090168384	0.993895308239862
0.989174533407084	0.976996559855104	0.99117620847089	0.997324061058619
0.984992709130956	0.988514347654414	0.994599079069911	0.990174749115083
0.977830713046063	0.987700452044556	0.990198074296835	0.995582688610128
0.984977878974074	0.993194781697012	0.989176645421904	0.99675224709143
0.983913146141057	0.996470286447317	0.993813512883116	0.991780360301559
0.98256790864113	0.991294423547433	0.930514252008495	0.994614737007803
0.984514372295951	0.990514504446243	0.987080181972127	0.987170791586358
0.990490765354827	0.988717960983337	0.972538416903341	0.977347479663772
0.977269921750161	0.980197515934197	0.988349832340687	0.991321058311394
0.983985982026666	0.989807484409072	0.99149374162272	0.983472006167816
0.992272165017669	0.993019180784608	0.965132862869686	0.983111429943349
0.987727282734738	0.981686817754008	0.991266863632108	0.991418411056564
0.977383775478497	0.972493018807025	0.995872894804602	0.993385115140758
0.982556149309818	0.994447691768702	0.995038143118629	0.997843806736817
0.993811106262208	0.989681340502024	0.991869528014457	0.990844534625687
0.990163470596195	0.993077621399346	0.990976104886057	0.980522631955727
0.998412030918399	0.995477184292792	0.994208289712116	0.993453296362654
0.988844916437015	0.993028141901259	0.985500008311017	0.99656402929895
0.987855629959955	0.989189613843145	0.990189736155614	0.988151662745431
0.980415996414481	0.995659919224038	0.9880646562328	0.993913126159949
0.996982609612612	0.986373127353792	0.988802562815873	0.997360178482681
0.991563967937392	0.989075710584491	0.987244086836018	0.99481589561692
0.988264245349741	0.992593230118809	0.984019067055861	0.985928466710179
0.970466413038666	0.988366243499782	0.995428524454661	0.994304873322471
0.989513894258627	0.993282079427291	0.981194020520203	0.981862677269216
0.993465765398346	0.989149731289826	0.986057248509737	0.983876210663954
0.982428374956789	0.992970709319969	0.982791396404799	0.992634923882331
0.993487830843047	0.995357720707003	0.991450611170858	0.988116546428053
0.986478814858297	0.986476186587728	0.987052425443194	0.986176675021479
0.989559700114592	0.98931799398127	0.995658335249716	0.996196692494958
0.992903681475847	0.988095320603462	0.976588080684838	0.994347022649972
0.992128852468683	0.993062730121782	0.985051400711253	0.984386310996706
0.996365154138362	0.986184822894069	0.993644472534853	0.988389586562714
0.989132082929158	0.991450243013432	0.98750507873831	0.982566525890336
0.991579114121172	0.96049658706302	0.990705678137961	0.992593129796759
0.972302777937851	0.99232062037666	0.993400358857861	0.982259562267002
0.996272025497758	0.992269718346587	0.992942260286164	0.983920074371423
0.976036072524357	0.994501762648422	0.989397690495032	0.995550522078729
0.972536251743075	0.989388130115116	0.988978758746826	0.99150934136601
0.994903780450918	0.99044975172341	0.99361089892833	0.995593966954957
0.983601501146277	0.985703726901179	0.987149302853683	0.990585433296625
0.995553793932054	0.989551041505721	0.997197849167192	0.980811170579034
0.992668673973711	0.989521757964262	0.979742541612467	0.994087536942888
0.98789077637383	0.993621637878446	0.991987808173778	0.996658793957732
0.995026118016871	0.980534847018637	0.986479627819654	0.991521002707569
0.977176711818245	0.960789057195421	0.995348141029937	0.99522282913874
0.989440783138976	0.99333462031421	0.981540756388399	0.979846374097974
0.983991406916988	0.990356242698703	0.984366345802279	0.989708735056155
0.985287298315633	0.996687004267987	0.994826227635058	0.992046512360167
0.990407353563304	0.980138350075058	0.993316093310484	0.981656043706688
0.991672973413604	0.985998665828548	0.983675813866215	0.991212801837249
0.993683786283814	0.983160652770109	0.996155236616687	0.966795258760148
0.986293253653425	0.98816393704538	0.994065873044245	0.98736553494341
0.993771866148351	0.989104728141253	0.980140689225276	0.991985218126417
0.993666688836138	0.987966394241271	0.986593088333017	0.979208949122759
0.99552704648327	0.986901280574485	0.993695970276217	0.995360104136211
0.991153489360441	0.996316197971869	0.988195732996328	0.99309681768791
0.99387003493339	0.997630885887949	0.984855169166289	0.994620902022245
0.984384627958229	0.97621319001079	0.989973841754164	0.993327162122284
0.986045748995042	0.997907384339081	0.98873824662605	0.993255596225201
0.988471892168382	0.98864555053627	0.989851320007061	0.983390162542394
0.994298082819375	0.994001956425712	0.990361870711485	0.983883124852344
0.972372543289884	0.983165960801963	0.993998043380235	0.986011818518545
0.988898764134459	0.980078907897722	0.986207962454753	0.988071401708441
0.986131988600614	0.989817925124793	0.984038073470029	0.995473047013023
0.995887593808818	0.985438910868355	0.993104539452765	0.988150967331781
0.973519124563585	0.994211912677429	0.986687067480252	0.997015845586926
0.99583757688265	0.982356751248803	0.997044009511752	0.99245745027018
0.991734500999482	0.986476512835228	0.980751610157097	0.984960629323529
0.985543538340426	0.985406146278216	0.990867101009373	0.979326652099679
0.988706883366929	0.988819063061209	0.996362496456577	0.997345510920339
0.993469062096627	0.993060607855803	0.997504843599651	0.994780216510978
0.99764596331866	0.986287681839184	0.998793751764655	0.9960753930926
0.995629277569441	0.992966628306767	0.997827311600802	0.990815227146635
0.995832848717627	0.99538345126768	0.981551792997323	0.996189114007562
