0.982601914309768	0.981166421922436	0.989534651255333	0.958541871395231
0.972230944767218	0.977660722743641	0.956626291535915	0.983693309616873
0.931276590213618	0.943470420307352	0.974990016839804	0.790983182021443
0.880109705606158	0.969499888315376	0.968327715989421	0.789430509496208
0.982693313009784	0.950724254221071	0.982596595416023	0.962033665672822
0.981020057496231	0.984240640073266	0.983192798103798	0.940876858871578
0.951483566596751	0.98290317556613	0.983082250919018	0.976398577098018
0.916682279126015	0.972442835809819	0.961544783233563	0.948048376053342
0.970197734715958	0.985900207996965	0.971663576834056	0.984779271343281
0.952832056333195	0.964694773032349	0.986251983475617	0.967944449227967
0.95036678894352	0.942942642374865	0.954027667976193	0.961696790832799
0.972029208435177	0.97493180778298	0.979688027126028	0.98060470967799
0.963693040214328	0.962358777241249	0.984552821662138	0.965412739897047
0.966306788177251	0.962012507307862	0.972474927863258	0.982009047689483
0.943142753722463	0.974299985976551	0.976979628695359	0.934251952427512
0.983059454565051	0.984522318070896	0.969579290039787	0.981028445879425
0.959079228716611	0.933122140766729	0.973160115178333	0.979908123857233
0.959532271047363	0.902603933548711	0.981210044703507	0.980746255567857
0.989453152504107	0.985309706816349	0.959760678506159	0.966874771210439
0.93498863119755	0.970472923585263	0.980462571694549	0.944969623459734
0.980154930675423	0.983921260665928	0.909746245893281	0.973628371269157
0.955136933361072	0.979230046566677	0.978571266963581	0.983344420995423
0.967250919323852	0.954566809555083	0.991250519060239	0.980305135783698
0.974624817742439	0.983581400678739	0.976057272533889	0.956116196799668
0.974919645192235	0.990150457198898	0.989707030823988	0.955151542284565
0.947104893383485	0.983764467125544	0.962820019089602	0.986102639641769
0.964497837025949	0.97179120063773	0.970720570551037	0.948786604923376
0.969761699440418	0.967585979257012	0.973246343400863	0.988528936328306
0.981981317225857	0.957340842009317	0.977953833672873	0.949444466272919
0.98160399242616	0.957269098028289	0.993164906789608	0.942136866727708
0.970677881849555	0.98792666858712	0.963934830028553	0.971122393159491
0.969927222712043	0.957460579085301	0.954317823395895	0.967388350626462
0.972801544853452	0.966873612032757	0.954823682628458	0.920320611645379
0.98705124393329	0.985922323744209	0.937985156364658	0.976825073500349
0.971351126381069	0.956495428017168	0.949608326718012	0.976321070132812
0.974540191038321	0.962714262921501	0.975744892801137	0.978344181028152
0.973949874526627	0.950611966092801	0.950172130655359	0.975758160219456
0.977389545106593	0.937465094221697	0.970597722241855	0.980238082494978
0.935338697653843	0.92994947665938	0.979415092633804	0.972849225891542
0.945325390274558	0.983230381600435	0.97287649892228	0.976570120645175
0.993108976255379	0.968107919529913	0.91148903704576	0.957763940956971
0.96818325580052	0.97882996815639	0.977435827973809	0.959652735737159
0.978620664828047	0.945421343512276	0.957315841676299	0.950758781272621
0.961244720004018	0.957238471693645	0.9505528443975	0.947289636060932
0.987044531376437	0.980351942113715	0.98466318077563	0.971370582726153
0.960278756857289	0.933555250300437	0.979242179652626	0.987220473962881
0.973521247930213	0.973469297948258	0.988672058784992	0.965419128711581
0.973665950010954	0.982283074097765	0.967937889467221	0.982015411035684
0.980122030533646	0.975778204426737	0.976104709298351	0.941076042214914
0.976835753694729	0.954483701322904	0.985885111826843	0.97737540882717
0.956175004972774	0.975133109579719	0.936754561577659	0.989860666413159
0.96558884541407	0.956520938706225	0.961657213669919	0.918806435704513
0.968636915223256	0.986568125796392	0.964312805994533	0.979109966135295
0.972206456769833	0.974659848355824	0.979653498122806	0.959693729330085
0.985332376573374	0.971007429765459	0.977318509555986	0.982254723710685
0.979903756749766	0.969981270378594	0.99014548262713	0.961638340722908
0.971085256897999	0.944665534051617	0.934533295015418	0.966498520454019
0.96911242519566	0.950715356949295	0.977850637869207	0.950631417668828
0.913652856244743	0.973653956418546	0.95561571157902	0.963794777878733
0.964425735229944	0.971304123320396	0.981549859199342	0.970427846864099
0.973896706388446	0.948311431678281	0.977734654235134	0.967788868606787
0.97233974299628	0.97839789800173	0.9856230592462	0.904965030987502
0.98225635919059	0.982617157903971	0.983847700183959	0.968543439485541
0.982343660060478	0.978313681291249	0.976554181675075	0.981169997192945
0.987668587393924	0.967875752569742	0.967832348337166	0.962275605292762
0.942163002762453	0.848543723636605	0.980093536900615	0.982578379520163
0.968650580323038	0.981858942928483	0.990073242505226	0.980639982687625
0.97731219451795	0.976740922805156	0.942480313282962	0.980199162890228
0.984463997443297	0.974940496169841	0.961628435500441	0.979554874940702
0.970659487592126	0.970253319362399	0.985261574605927	0.929121066414885
0.971579024504269	0.988995912084417	0.969313737151191	0.986185820276735
0.945510144117574	0.934501548370695	0.97617715043789	0.962151678459222
0.986587738805097	0.990070105840652	0.974173395261625	0.984581910037915
0.982764140696862	0.985675703026932	0.990150821175807	0.964393024165778
0.97079982765814	0.935039115955707	0.912700830752713	0.972229046093743
0.971391453207965	0.971132052455709	0.953628103120701	0.949364859423012
0.958160732439947	0.967743654140866	0.97603848422794	0.980338594185666
0.983528840079094	0.961587458983429	0.977471547873756	0.977776102891011
0.986460654806922	0.937855472655398	0.958036406140244	0.976474207127682
0.978714909325582	0.963762722820731	0.967634211735166	0.975009495044593
0.945071386704065	0.982869811244895	0.938043690913654	0.971880285363559
0.960010651824753	0.946843030875234	0.971654607881798	0.986344737693604
0.981558994368308	0.970177079292243	0.985869280178469	0.970064733669573
0.976405676088051	0.926855586897607	0.990485528579008	0.971775461214619
0.983495578173766	0.940949685986867	0.987329878433408	0.967239916514621
0.923988188260388	0.977966438126613	0.963832511665576	0.983405700092274
0.983502476006407	0.950875002162974	0.97451093804567	0.926159615094144
0.967377521176139	0.958450640335278	0.970793576272815	0.99103025468514
0.96754551787084	0.968752923350308	0.968154808951536	0.951476571043539
0.991545057263446	0.988546972622669	0.957583086872679	0.973044589924674
0.98374414277208	0.991750993287099	0.982703079444917	0.985161020030823
0.963355294957759	0.967513709497956	0.980679598496376	0.984590084532211
0.962746762942502	0.942384073950775	0.967374674792227	0.959704385629944
0.955465487699881	0.94158714121025	0.91885476194631	0.923911725252626
0.97656769222277	0.969339792503725	0.983629518384652	0.974190763273087
0.979542249318428	0.974188628366474	0.926147734671467	0.963215030200222
0.978189840782574	0.870174650839404	0.931113426637528	0.972790852005001
0.985765027784095	0.922664888962543	0.968239497993194	0.976509781220921
0.98837718645207	0.97762038641154	0.992591774596884	0.981906638624585
0.928528962944566	0.96756112912846	0.965931029854225	0.933413240872774
