0.984992255911284	0.99421894138021	0.996327989034437	0.993921071958396
0.986316607187754	0.988930382952299	0.986950197989814	0.989060501950924
0.982015780379994	0.980627075334321	0.97951064814297	0.983826680567393
0.960813670864484	0.992313048656621	0.990174860812462	0.969564467590257
0.990176970616082	0.965277565719063	0.977786463486113	0.988564671935194
0.990836734111382	0.990162320392602	0.988707444179729	0.988191857694518
0.978869053705005	0.978589834750119	0.992334622953071	0.981889459707835
0.980578110145712	0.974242039622239	0.984683401955296	0.979085866183101
0.990160999596012	0.984177937869913	0.967765016184578	0.987837496549817
0.97993399368551	0.995704787670819	0.984932789163729	0.993447290020549
0.974572135611834	0.950402375936318	0.977962912641024	0.982339967927256
0.928149179721564	0.968018507899762	0.978738720924881	0.982376033708296
0.993272421229753	0.987696139159056	0.987799265865082	0.98830390163199
0.979540852971374	0.982745445339479	0.989673312325004	0.984574231318686
0.95211528414297	0.964473466854822	0.981933994024936	0.956290981292426
0.964304728941305	0.934668456761535	0.986176823851686	0.980927062049359
0.957363678552517	0.977604485434184	0.984787751865541	0.987632573789551
0.989965004063444	0.981479522189812	0.972884474252716	0.973145301295207
0.986271957661439	0.987968257864494	0.981651909274135	0.979954028641219
0.978073201085293	0.990445458447088	0.993217395690111	0.992386427927293
0.989461290238443	0.986667521725374	0.984117295554426	0.981748682397696
0.967511540794787	0.986040595127049	0.971956649982508	0.973883972636893
0.983946336556756	0.985829955059448	0.990003243831049	0.991272434242554
0.983553750986486	0.991617678601106	0.99249671693146	0.984696434825333
0.989048686557212	0.977997946182589	0.988564460819655	0.986344086738629
0.977649333376495	0.98916926951255	0.981949546396118	0.986098672026797
0.991593030509891	0.988956581886978	0.991902347802975	0.993181280621306
0.988044257989582	0.985305254225709	0.98300849120876	0.987500651395422
0.967140340584156	0.98306383361229	0.980056587197618	0.984940098064074
0.97306736645735	0.9876484186428	0.977098575958015	0.986669793071143
0.994012378532055	0.988771611772642	0.974665475223794	0.989599174429019
0.99348982501178	0.992385473538399	0.991410572486858	0.985823751575512
0.991262544552823	0.981460328883024	0.987098072388252	0.991641703223477
0.983860441465424	0.979961243995315	0.982508811379166	0.98659276919412
0.979677912293336	0.984375503047903	0.974416928940283	0.96335830704406
0.988648004959478	0.983581100123022	0.987430252478306	0.98398828285185
0.968863200784699	0.977012813014522	0.995082399866131	0.984792281222746
0.963349638753703	0.971356485022887	0.984075872225846	0.981849394916506
0.982753629666698	0.99280901089043	0.992559553174031	0.973073617931889
0.986642897760751	0.959782131145524	0.986012992787483	0.990175211175558
0.990510526231596	0.984749603858685	0.978302719000779	0.994618179753956
0.990437362663178	0.989912078464319	0.986627278767858	0.971700289758541
0.977128613169126	0.989749185422621	0.985303462652378	0.996550075472479
0.98070282904628	0.983375477059917	0.976782078089983	0.986213642350918
0.985074145888218	0.97553718653174	0.995525195690029	0.987195982621318
0.991432583647474	0.963231239972436	0.973705095145386	0.965607056225125
0.98849848461572	0.995055177860795	0.98153667794029	0.993856849514847
0.985236017189864	0.978614775547253	0.994919216399341	0.988078319624927
0.975820403008029	0.989837520831712	0.986059290457024	0.99293648049191
0.980456479275709	0.976340385614844	0.989716691899899	0.966577820097469
0.982070863005691	0.979704910636095	0.984384813448373	0.988530422942063
0.971696231090572	0.990218652681721	0.975864592373503	0.988395212641725
0.991384394110253	0.974381913207977	0.982317927827638	0.990212556789287
0.984826614911319	0.989467560006718	0.975559718944571	0.985594864114944
0.97274913463815	0.988116887458779	0.984490651109292	0.973858296359003
0.984697720632719	0.97846614813659	0.966725668774985	0.985727461136912
0.983161920134683	0.983306893064343	0.952613761033042	0.993991465637846
0.988338813708302	0.979142008770577	0.980673002086423	0.987359223234598
0.987387321889149	0.988531948479466	0.984894072895198	0.980498652841979
0.987857901660252	0.97675377921429	0.979454404718228	0.991338697016354
0.984286679560869	0.991077204008236	0.989007632946872	0.980312262002747
0.991500181708541	0.992202487914682	0.975453842497989	0.994654732478013
0.978908878876223	0.984034880317396	0.985342982956859	0.978604184671568
0.975832848927573	0.985397418108649	0.974329979105559	0.983611259639304
0.909558633013492	0.977909865876546	0.994686172042055	0.988140243281982
0.974206091261573	0.988386802380429	0.98150970025619	0.990798079383485
0.986234868522566	0.983491423020305	0.988625977452526	0.982357678009805
0.970780377234754	0.988846015304181	0.983194725867239	0.978377539835863
0.983614113835922	0.984952866754923	0.988038400831666	0.991607753591031
0.980325150258922	0.984504127517249	0.981763174263029	0.979499024155178
0.979712992526212	0.984065147171573	0.994277971373274	0.987181520407027
0.973677100047512	0.987962453340403	0.98544077074858	0.985774209405306
0.978750070585249	0.989634690589453	0.979042161789561	0.977872139828674
0.995533299691759	0.989621841668624	0.99117621437069	0.97986580971827
0.994328207783321	0.989512820067445	0.995864929423871	0.987813261640009
0.980231133013878	0.979181900805824	0.992716713411648	0.983044314575039
0.984922149587365	0.981082250694709	0.986730354721086	0.981985670137301
0.99096203781417	0.982317099648786	0.992284473588364	0.974257883802983
0.976899095206346	0.984017181250176	0.98708605090855	0.985849922792175
0.984923855404531	0.984129988827046	0.981016120023713	0.990243043066361
0.980768237651958	0.993948371686402	0.980390878252055	0.97913633222624
0.988020845473806	0.981678648696921	0.97848743419687	0.986481925259638
0.989998875440878	0.988913812737475	0.977232181207553	0.98733918880686
0.973044442727447	0.992952358211157	0.992044652799328	0.99296806314083
0.975957321834553	0.983055760499362	0.980536023294567	0.985271153611227
0.987122691359979	0.969401594364283	0.985008430765287	0.96788850577989
0.967698355030049	0.981274794488965	0.977319963744778	0.971150558621944
0.982730607258664	0.987749879450628	0.990656209864248	0.982391412958634
0.987639005220593	0.988882503813786	0.965521195900244	0.962087157701399
0.994678772186164	0.989674176601734	0.986430599646024	0.989055479414357
0.984106946103625	0.98400668831939	0.987126411939825	0.966620591785117
0.986689560638462	0.991310898691776	0.985726434660383	0.985947769894974
0.975118765373834	0.991070502936889	0.990246908948158	0.984209825007165
0.990773458101433	0.96945100017193	0.980472357809369	0.97296665694534
0.981667506523317	0.967022137678237	0.973663330154101	0.987948611675305
0.983558623073451	0.993326408867022	0.993783045853424	0.994228468534825
0.983864025590837	0.987545599422242	0.986939024853277	0.982338182181246
0.970504650419982	0.978965394100331	0.985930979486055	0.978858511262056
0.980175736070148	0.985132742154655	0.992418717759071	0.981519814773036
0.979322003512539	0.989712119567082	0.98094993092821	0.978641375173978
