0.987905025875681	0.984731852667902	0.990992951974801	0.980336028424528
0.993664995873951	0.983189366477623	0.98978301960952	0.983818431631338
0.984412337586053	0.984889919773762	0.987806290761943	0.993720808678277
0.9914454938457	0.975687985448882	0.985316760075166	0.979945053131694
0.964102393197693	0.986673915007185	0.989633492462443	0.982371573328861
0.983753352572392	0.98359813988438	0.978277442101197	0.979947730108844
0.983048170054716	0.974329221332411	0.97784887543224	0.989271324585568
0.984237721018454	0.967016008675748	0.979187917194508	0.986984078514768
0.988102864608731	0.98855039835068	0.982903653674946	0.98967495414286
0.981920341373128	0.98705867714007	0.980748423776158	0.955418956925014
0.987342881030198	0.985916999248778	0.974604347861313	0.98044347950641
0.973189322477819	0.981502514334929	0.989933217121145	0.994168801604095
0.988066075390183	0.988005818277655	0.985775437370613	0.98012381893984
0.992257589809697	0.987094412572231	0.986959938817212	0.985904589528163
0.980800782680962	0.972794521336564	0.98891072447815	0.986871301178256
0.993102157075237	0.984132561069378	0.968475420961773	0.980529394913189
0.987878214747095	0.976286506733897	0.979509177560744	0.9860485757313
0.979187293447302	0.977495608667057	0.953945659936558	0.914291397377439
0.993483495375172	0.989929380138567	0.993092633539965	0.987282102427072
0.989374641722483	0.987835285180674	0.981378959087537	0.982462373013489
0.98518170893064	0.992245424690175	0.971493316676311	0.922225957356146
0.981976878041749	0.980640144206552	0.986287142925695	0.971332111419155
0.968052740872847	0.965554922219835	0.978821543013894	0.982929808345636
0.984675000067316	0.987793574424078	0.988909867349075	0.990352186064245
0.990733709770235	0.983053299998256	0.978518345937699	0.981538719755425
0.973550040718049	0.990515085363518	0.978200994178515	0.975717685330701
0.975088613863342	0.99065858653147	0.961620830626242	0.967612873593759
0.991331743683098	0.963810712161116	0.972195522389514	0.975917076191809
0.982417213749746	0.981692792919594	0.979971270671208	0.99169740685021
0.980368014935926	0.989332851193586	0.968218570115881	0.970514659943416
0.977518290082768	0.987254193565092	0.987245833326908	0.970925641899587
0.972545068493699	0.924124489564421	0.979164729760657	0.990540711974892
0.980069849795427	0.974822737658441	0.98216295626806	0.974159726397941
0.975418271008357	0.957690030389699	0.98191226708966	0.987436476074199
0.988986331630677	0.963667796371283	0.975833513480641	0.979981196861639
0.95699747902748	0.974117548011853	0.972045554016071	0.987662399069005
0.973225557760918	0.965867831909595	0.984176276181449	0.989937138720733
0.983847522579613	0.979473454046694	0.975218198142446	0.975092541258629
0.950482356577226	0.986206678063149	0.983503939368703	0.965924142500184
0.984721640555916	0.989120091614907	0.982548626578956	0.980893155030852
0.989003139396972	0.977681212143364	0.983715640252661	0.979054680502896
0.980495031777963	0.983338207220993	0.985014611578424	0.989872596912013
0.982039789404675	0.984448956720465	0.97703090342547	0.944533818589285
0.983746254332876	0.968337731658264	0.986794076185664	0.971318621495566
0.98476603738943	0.987636284228591	0.982860352846252	0.989352547507678
0.987387022519696	0.990659942241515	0.970150713447513	0.978833067714061
0.982731623753827	0.973722791638188	0.977430957754345	0.974385195402785
0.969745311420815	0.994009994474361	0.977906505049236	0.979180048221054
0.983533384214184	0.986154784427347	0.994063125150311	0.988433712570376
0.949854351559611	0.985896864269056	0.983790906978461	0.977126312499224
0.985040845445801	0.98351947553399	0.974506516805932	0.974344764984417
0.986100206495294	0.969626860796811	0.964510185467977	0.994752299107018
0.990628150141699	0.97671652027075	0.979162972034001	0.990339559983749
0.979194022011564	0.986755020858916	0.975040427408624	0.974961861484485
0.968033852962517	0.991044957019135	0.990773283939107	0.968679812615392
0.985454094819684	0.987802810871182	0.996801828697589	0.990347511778563
0.980360562033123	0.984260398480117	0.985131685071845	0.975270993032718
0.98728744019747	0.983588785514984	0.991177871781359	0.991948306599707
0.979430523787415	0.973054512669208	0.993157582728668	0.989089060995919
0.977996777607127	0.942851128531117	0.945091270484476	0.98032311382527
0.988383187533065	0.991497200020435	0.993248409429622	0.991550905618671
0.991721344730089	0.980800120809941	0.981920050496881	0.983392543216347
0.985139084131161	0.983191473002103	0.961548839375467	0.978294221341626
0.98658088944105	0.992297397634565	0.983541783485298	0.983603054285384
0.988971370695067	0.977496897190105	0.981956303263913	0.979339131895758
0.987798838010472	0.991869169120032	0.97144704032319	0.987440735942937
0.994293089041021	0.971414417501567	0.985030612385629	0.974518513670155
0.987123489403071	0.979518296855358	0.982327760417126	0.991305751359144
0.982056382894354	0.988891893117424	0.989104624135655	0.972179731510531
0.974115290042019	0.963568875102641	0.986256098302907	0.9831907998037
0.974652790162544	0.97280049747941	0.986143503091874	0.976287435430321
0.974323644039337	0.986285790871366	0.984287786445747	0.991702935479112
0.971354028101233	0.984160802274347	0.964265179359276	0.977749179171571
0.984752848279057	0.991686443449384	0.985991077319199	0.991243107291227
0.969276207462572	0.986335916588694	0.978216999366943	0.963004173941897
0.983753524363501	0.988191280580893	0.985324047910681	0.98575332990786
0.988403066716722	0.975852832526314	0.974952078715896	0.978326890198638
0.984095577933749	0.984339298766645	0.990135304715481	0.982713732111903
0.970899218322451	0.990272448431904	0.97154865865091	0.974480039490927
0.988158001901319	0.975042669090858	0.992222276079708	0.984587853392038
0.970267619248396	0.99010042282333	0.955746442056094	0.989110712090509
0.976543211855001	0.970506248249368	0.971693565069843	0.981114812461892
0.968777978871653	0.974557856262282	0.978629108029789	0.953230377384208
0.989818297669412	0.975591027226336	0.984781142269659	0.986702631200287
0.98551525760463	0.977229342862494	0.994631431510183	0.991185429152598
0.979948498445599	0.996134696071309	0.985962891524398	0.981592242203113
0.989937026869008	0.974183549373145	0.975646331625367	0.982328146572249
0.986406278629939	0.991254593985102	0.95555186924136	0.982003844260061
0.983285220907295	0.985000521611129	0.986881464952135	0.986932718320171
0.965002876370931	0.973522922914391	0.960014865272389	0.931923631267954
0.993748940755334	0.969784287773968	0.98580911675879	0.967034061497949
0.967355906660128	0.985509410700548	0.984771667722892	0.958570685265458
0.973230638862955	0.969791039032364	0.993701388933944	0.986027781038636
0.958816907262469	0.983195895434614	0.976710943681938	0.985279967793421
0.974243960389057	0.979903591260042	0.985594556190801	0.97631222203697
0.972310180307338	0.888014500606155	0.987508628352707	0.958391624091502
0.97705487640673	0.970075316437543	0.975178478614501	0.978095747613398
0.975395922809407	0.977184674644804	0.986343579728183	0.978578723502585
0.962488217443218	0.977307215221948	0.98898878536283	0.981044039802417
0.889506921806076	0.970487569243095	0.977505771172486	0.9372964203136
