0.992722978737736	0.987540775903159	0.988986192288125	0.993752489023512
0.982224496327908	0.978818300367706	0.993233097707414	0.991782953223368
0.99062932502608	0.987878188121914	0.993323376972704	0.992689150614763
0.995088409800787	0.986533385281464	0.990917937717577	0.991163399137662
0.994465088294613	0.983534746183117	0.981948884537614	0.993364844480329
0.991637921832037	0.997577896314458	0.993115400587688	0.994940820719573
0.982713794271899	0.995409584554507	0.985864529581625	0.997093763056299
0.990870266460366	0.990800276802961	0.988920738949331	0.995752485757977
0.979960123890414	0.992364364949267	0.989047894885182	0.993675403856709
0.981684812564043	0.97567423749446	0.989180968817995	0.991467963370951
0.989922477375544	0.992462274551779	0.98098218875864	0.996836641276957
0.990899628731358	0.997563218561105	0.983604131586193	0.984489603049789
0.988989994933452	0.995922650493718	0.99638919208754	0.986363901522867
0.984327619668875	0.977510357985317	0.987104522602296	0.991426389961813
0.993138672646805	0.993769341728777	0.990582479032442	0.990392482945207
0.996166500824464	0.987617908854901	0.9977414270742	0.991534774506923
0.9899333231498	0.977671428287549	0.992324516622142	0.996027059102066
0.989483199014836	0.995346586556964	0.98696522907189	0.994324714823245
0.993766299294166	0.984952608636845	0.994116735327117	0.987720765318753
0.98014904193356	0.991421598810196	0.990945376205296	0.994921453081957
0.986270916081619	0.992447339245806	0.991522776944662	0.992393641550868
0.995566418611874	0.98919999371022	0.987116246380938	0.990625044589873
0.989978227188767	0.991833711531851	0.981024321632534	0.994457826534081
0.991829787367817	0.990444008981762	0.993363497125694	0.991069252987123
0.995498137287802	0.994228624832664	0.9916779726358	0.987760609244075
0.987695068390547	0.995114237335679	0.993754582707336	0.993345478106568
0.986309188340034	0.99140465031645	0.986795215011656	0.991779168939921
0.9884980265087	0.980705193664663	0.991840435281079	0.99383144332411
0.99680466383378	0.992351025440392	0.992901171363033	0.993525176920169
0.987679346314664	0.986266517190049	0.991158393278169	0.992057879137235
0.987886060195355	0.986193158044224	0.989998313363211	0.996843755505771
0.984099183584015	0.990341977055529	0.992165783169179	0.988057159369812
0.988844381896013	0.994195520385679	0.989759766810338	0.993197062801562
0.997228925104223	0.98015851253813	0.983601456111603	0.978884568840293
0.988593806458994	0.99348552981507	0.996302966812751	0.981223967286212
0.985860905763698	0.986853717271321	0.99118134982321	0.988459746702227
0.99352913829974	0.989903961026267	0.987997995281605	0.986571634340648
0.993812297076758	0.997291520757394	0.989914216190139	0.985185691685481
0.99700063154428	0.991608853294071	0.993843479643734	0.99009673115681
0.991911171284901	0.992460288243901	0.981322498958626	0.982888966971614
0.9884073843116	0.989455818896167	0.991441624139079	0.994847447464856
0.988636598804201	0.981728050870506	0.989401468787177	0.994556858891794
0.996185507241854	0.993706475378274	0.996440659641434	0.995970498286222
0.99475540822731	0.989858290597146	0.993431305667228	0.995025516724292
0.991724918611251	0.989540301119738	0.993710313826592	0.990142485609839
0.987569477394057	0.988208260191145	0.991765169955388	0.981180314670944
0.989891945015179	0.983502792155302	0.992290783997674	0.979910367034353
0.992631354591784	0.993299094740531	0.991476153613513	0.994075115822755
0.987642104207455	0.985452984332513	0.985255949450279	0.993252053413982
0.991702865761767	0.992213173607743	0.990681112823907	0.989547735355723
0.988104357757155	0.995137036988981	0.986209982210887	0.981856225721232
0.989321442911318	0.99292208157801	0.992704765129571	0.987120522286692
0.989976565136504	0.981421116506152	0.997319399198687	0.989963372141884
0.993972504584051	0.993886851554722	0.993237178696538	0.996487878415928
0.995168013974846	0.983344233078849	0.990258532183228	0.980881070987418
0.996467953458819	0.987975652407831	0.99166156413053	0.986312006908876
0.987785426349751	0.995504028513607	0.996352244726503	0.994416699754719
0.989352822475535	0.992765789130144	0.989595677900411	0.992853788139214
0.995387243682442	0.993503588669715	0.99136721176189	0.994143532639161
0.996042984994857	0.991252673645413	0.990216470422405	0.990117633572832
0.993787671192564	0.992462196629862	0.985435265771859	0.982800630376838
0.99483062365695	0.991795223429497	0.991447501829622	0.9921105646764
0.991829297599766	0.990522361090117	0.990039147823819	0.995192472123288
0.988379676559148	0.99443360770844	0.992627580976552	0.996359590728929
0.994304184008205	0.975508929954719	0.992505881633086	0.991479938394454
0.99233398758118	0.993883809937935	0.995387338367352	0.996602419962511
0.993826474784875	0.995414787133253	0.993690871400673	0.992731234707873
0.994425253762534	0.988052913207545	0.980412861726975	0.993578632291348
0.990884099377909	0.990222563681056	0.994933954006695	0.994269740214433
0.992249731090838	0.992123445617445	0.995405208369137	0.994633372453474
0.994533015706625	0.995667546898796	0.97374893961585	0.996131987493003
0.993155222246066	0.989116949654545	0.994244840933236	0.99222104935447
0.990964967970594	0.990561738064933	0.995288992873278	0.996626673105157
0.985884780620884	0.993893310241356	0.9925645562739	0.991356291591511
0.989330078103548	0.987816279064097	0.992760694465244	0.987239810096642
0.985999837112483	0.993139848494858	0.98492519079105	0.992414836733005
0.991642958319667	0.986801472873892	0.993405663017821	0.992818890692811
0.991830198499979	0.980386490041001	0.997050867555106	0.992797979839144
0.994627036315864	0.992406329905097	0.99410411814274	0.993260628220926
0.993903504550768	0.991140091214503	0.99539770745786	0.990759353758581
0.985909741465601	0.995221590873373	0.991049757931254	0.991146560264776
0.996149035562938	0.99508298751636	0.98348781441752	0.987683611148537
0.992850808917309	0.990283040039808	0.993650468108578	0.992387562213285
0.994967931264389	0.984552656660324	0.994870463223929	0.986861663459136
0.99169227331665	0.995326505878912	0.973491078791495	0.980575763285165
0.983484215182325	0.987617639095817	0.994364320098233	0.993340253467473
0.989083373953368	0.99232482641162	0.992859069675711	0.992841744435615
0.992539989984011	0.995728086724849	0.986605544383106	0.994536722359659
0.970751331943462	0.989754686617522	0.98661079157308	0.989440455296961
0.991388727049324	0.98844530916067	0.989145442445367	0.994740229795159
0.991483842502141	0.989510506018682	0.987888586738967	0.9901570083343
0.990870194987565	0.980908881621421	0.993961202320233	0.980558933875137
0.988015799893648	0.99199265926878	0.994551476783635	0.994897515139031
0.99058612448949	0.982270951562909	0.976773454874946	0.965719956482432
0.996102974887838	0.97479750647429	0.994205335016104	0.995322731933178
0.992293665114446	0.991512586595982	0.992763568685199	0.986573418862656
0.988095497399776	0.992590948915295	0.994025129935191	0.989041982209293
0.994452771513285	0.980089945181327	0.978752525072805	0.98937428579714
0.988456118679898	0.993896776351497	0.983033157619723	0.98957489767738
0.997416729929398	0.990267838822701	0.990559065285523	0.992384659711483
