0.866031292707414	0.96599808639075	0.975255567974174	0.971067629415514
0.945556096601519	0.971672036949537	0.883725437021611	0.976301802912871
0.972493246432296	0.970089781507419	0.960346616616503	0.968686702076281
0.945866855568307	0.957340995000458	0.971352705184056	0.926914050492068
0.946897874791034	0.929673379023161	0.956916799025465	0.887475008228986
0.967167697991386	0.954925335579227	0.927662469196433	0.973927934964319
0.93468876373014	0.977365154202525	0.9606771342153	0.947293722125496
0.935392515593992	0.951742786569691	0.984769382559143	0.972146628866654
0.846242442689369	0.958497903581754	0.981691747932311	0.959256785499524
0.952824077327929	0.939582973537206	0.894124762660282	0.832787328569621
0.949443399109224	0.87697562372483	0.926126789267213	0.957279898732808
0.932381606033812	0.96853821784093	0.942427149330237	0.89757634714941
0.935933372747137	0.946961757507482	0.944164669054526	0.939542073575405
0.949825008976251	0.89619014537158	0.957541186363499	0.91972643569927
0.938622449930381	0.953469925579064	0.954120612474371	0.949131894035249
0.961368690309477	0.939085172026526	0.949511465265028	0.919677399230701
0.958229065923605	0.940760544987082	0.94958764830027	0.917199833561115
0.955733920996102	0.933299654435629	0.962195602563992	0.969253450923566
0.955143138108413	0.949699016739081	0.926476093401783	0.954811412376115
0.965086730422129	0.963003046449836	0.950935101199059	0.936967267423694
0.954186210379926	0.916315305052134	0.891338309142213	0.973883208277114
0.956101037187042	0.939980883174378	0.960279667145707	0.967109197887861
0.947783601653738	0.955832190652693	0.968384193502593	0.867249406623333
0.902941950767048	0.932833428025996	0.978626035173046	0.975784388383589
0.804967052028537	0.892565593499248	0.90699789466639	0.988594888787601
0.943188392578775	0.905794832256432	0.959945140289624	0.972638379162402
0.896599480155416	0.965183465582101	0.972857516827705	0.961193474745234
0.974918445232982	0.845683617635492	0.916333260821031	0.94297151580631
0.977481190100434	0.972456210787389	0.952482429994275	0.954518572723003
0.92930842460998	0.979354254673778	0.946735726607832	0.958117927877983
0.977775054959605	0.916101693394637	0.947709838737188	0.925698150655511
0.957126535043752	0.949692597206034	0.941875537905331	0.988841409370106
0.960436621698387	0.937466129457206	0.947130926085844	0.913860049963188
0.942991411003351	0.940299970928845	0.95734782879085	0.983622549474554
0.973139205637152	0.963177547416015	0.967355664703467	0.931403658575945
0.960796548023686	0.974388078165774	0.934082749071865	0.971479760980418
0.951424698130076	0.943263837535168	0.968709090815689	0.962936632367712
0.937587622618209	0.963224325474713	0.927201737598331	0.953594892879326
0.785833309147492	0.911702663917462	0.952398048552801	0.973803651925694
0.978369753721375	0.966152829755238	0.92198267573923	0.936663049258412
0.979574073099283	0.945247736129696	0.975294061207704	0.889242666500199
0.968573847247355	0.947161324091702	0.958152588731157	0.966565362749056
0.959834575548437	0.959907751974672	0.950847398473858	0.934821683359496
0.89491262031724	0.966913248913325	0.964002930738747	0.971926528204181
0.972155709402791	0.904163233869483	0.969788011567086	0.882204367926915
0.97194550993447	0.918551484998834	0.925584686972761	0.960242466565697
0.957604834255113	0.982308608880402	0.94054466488347	0.934063767845641
0.950226016347498	0.968367663254857	0.959645840710395	0.976832946219412
0.969154458210483	0.980000224509738	0.982757237201648	0.934429254828659
0.946348945128425	0.954917825971276	0.969770265098516	0.930032595914115
0.941787591364827	0.939439760674169	0.957891212648733	0.955257281226747
0.90806856411779	0.916235964779367	0.982888364632166	0.950817541453299
0.875482067189596	0.956449067430957	0.941718825653656	0.974665035915348
0.973086548796407	0.874023489478791	0.884053538009136	0.946930003672939
0.949017645595645	0.929596162418586	0.93524020278358	0.953796432691201
0.965119344589721	0.882433185475679	0.953654872299554	0.957587939517021
0.942393615594953	0.942206592125647	0.946326523334551	0.9706621342756
0.95853991629273	0.905179716796501	0.970893679743147	0.922104527030694
0.967758092846809	0.976662852382432	0.908562573797236	0.962342497092881
0.948319268654101	0.941660807197059	0.953051300727323	0.953793371201663
0.965809555232122	0.944498520326771	0.983365692125082	0.979215178521326
0.961411943042511	0.962172989739187	0.940649456182431	0.949869047707008
0.950309801182168	0.966379816494052	0.957958293267724	0.944367807169411
0.971218547174294	0.950275459615658	0.89708104479888	0.970291137020075
0.947905628481381	0.950969663722636	0.95649870803089	0.966016124965605
0.979692315013053	0.96079756589947	0.94990161612378	0.964075460486253
0.959381589845656	0.942488630878769	0.973252457326441	0.954659573471801
0.893574960022984	0.970035054955495	0.973831773889231	0.903560311810684
0.911099376129459	0.957664467897241	0.928694993218576	0.977063200407493
0.853460727349922	0.926405222745246	0.965577767416935	0.859558622955919
0.960261654200111	0.96382352144925	0.989658152391707	0.959542405490552
0.899678729100891	0.953752298731711	0.95198492250465	0.974635725888521
0.905633466773682	0.947172300205132	0.925164313488542	0.951941232100559
0.950897731463745	0.939977121761927	0.974326151151006	0.959278077662591
0.958960132851191	0.908878488585489	0.975393310641843	0.958399496912552
0.963587577083884	0.96739092388505	0.927199232159017	0.975745338088126
0.967406888214449	0.968589912076351	0.884462695945021	0.927752547957546
0.838379917229052	0.933931266476207	0.980030849089455	0.932810419162905
0.954276979104969	0.945271526627136	0.9506253851049	0.95024361094407
0.897337365987055	0.979216282274107	0.885158957447104	0.885593372421056
0.975772787388365	0.961164804794165	0.954260858773024	0.958820155028157
0.954846431731119	0.966183840311766	0.974893689221329	0.958704081099184
0.959964574537804	0.94871775338541	0.957469459750239	0.964077052590042
0.928254785240888	0.885883620146321	0.95099404616862	0.951990413008751
0.98407482301392	0.979752907267447	0.925684284448362	0.978254387408166
0.962021619712655	0.937947162124686	0.958639278685139	0.973601038581558
0.916887878125416	0.931516279771167	0.92285125168031	0.972931175100535
0.960547256755828	0.812741194413704	0.974342426473258	0.921917242180324
0.951584080896745	0.92837561483893	0.914024669019102	0.926211356493532
0.932170826464119	0.847398429275567	0.953957879916158	0.951620645760083
0.967872622591202	0.88457337898305	0.940575089535847	0.903393833749811
0.928453968088447	0.962904356094753	0.971833948836602	0.97882298259493
0.935469277200188	0.983617359067567	0.926802472511463	0.976791463994905
0.94707023223943	0.95215837572503	0.930072559664176	0.968523529573124
0.959508935339026	0.966108579005423	0.935346531697697	0.962074974762206
0.923064744804196	0.951739665512062	0.904537739653048	0.936543303390879
0.908739731894367	0.964709844079656	0.970811229189177	0.953295729457677
0.96782840823942	0.960107599422901	0.955702477825745	0.97367297347805
0.960417796450373	0.954123497471116	0.986224963065656	0.974316806958355
0.958336901951423	0.932294819867506	0.967166304407292	0.932764123661521
