0.989575237685213	0.991796232500151	0.991423842561025	0.983850143086619
0.994138764255145	0.987056148967869	0.995397196517548	0.989714873214952
0.992267639464659	0.991995390697631	0.995434122007424	0.992200606138355
0.962779686363318	0.981515359920177	0.98930955972293	0.987168848712689
0.990079819724565	0.987206574815232	0.992603725311878	0.987590151290108
0.989153925752058	0.993320943927675	0.996159629659751	0.995070480004722
0.980632371218026	0.977002442812149	0.985704366100277	0.992324426177091
0.993114306815836	0.993314724193773	0.987123758194241	0.989012453696034
0.989999793610611	0.989551247164492	0.992622968526386	0.989892546500385
0.996821279204892	0.994819256689525	0.992090400340712	0.990053679040401
0.989664123819572	0.98762580614577	0.993883074644386	0.989471669160254
0.993490104208845	0.989380782061773	0.99483759179246	0.996600481110847
0.989698025466374	0.992003272855594	0.994337157754339	0.995022497564296
0.98760973704304	0.987462987212789	0.9959178809014	0.991056167395522
0.990356952290656	0.987818729922172	0.9883386628303	0.982965573725066
0.997484884430852	0.997306204988598	0.990190738435067	0.994429397524962
0.993691796100654	0.98468976121709	0.996096529088875	0.986752835271541
0.996209115668424	0.993325276255228	0.992714460801437	0.991620232403642
0.99294882894675	0.986770450551847	0.989248134615298	0.990676119480176
0.992156233641426	0.991915207988957	0.98631815371093	0.989839856692507
0.993843423619663	0.993174906716898	0.986364656918033	0.980739584255477
0.986110441867129	0.993843305979433	0.986754428803914	0.994212141977552
0.992953687356821	0.987895867598885	0.996544085562384	0.987899193632428
0.99530533413394	0.990031666642904	0.992424724605642	0.984726454541823
0.987674223106068	0.98204003992996	0.978292023718103	0.983697612449693
0.991911777513762	0.985831768045618	0.993167091627281	0.992087943516846
0.994688253315933	0.992257756454285	0.99211672920097	0.99120714708434
0.98925002863035	0.983713136181256	0.97679109942064	0.991278998964835
0.994288381963288	0.992094619322704	0.992716258570711	0.994295847049455
0.994327210086039	0.973469859879617	0.993773323959909	0.996183113288727
0.990136185073138	0.993658040842673	0.984242799031613	0.984880364316798
0.997103081578883	0.984513067644575	0.989727389787746	0.994410673337952
0.995392650835395	0.994910360971976	0.99226140587867	0.987403377244591
0.993184449171071	0.986997041011378	0.993729404237594	0.990544288507082
0.993694095597291	0.988067653707343	0.994066286630772	0.994402967274867
0.992788572667935	0.995920436027286	0.992843328313658	0.993306172468731
0.985129927017846	0.988614987803241	0.993268933316773	0.993994680556542
0.991493148562817	0.994150057310691	0.99444256999646	0.989344182316648
0.993244204906281	0.994437112365473	0.993393038629635	0.986580536759715
0.983028604358329	0.983889154302299	0.987654538482735	0.991201587146229
0.991145448531328	0.987569497284075	0.991091596098081	0.995972218767023
0.991143358980808	0.99636652959147	0.993096740607634	0.990063126157582
0.992875970776347	0.993552866253849	0.989105677473691	0.988510734856901
0.964273527351701	0.994376379670679	0.991150425064878	0.963604110052257
0.991864125624727	0.992905539588466	0.986973140110695	0.987576067360487
0.981045973574798	0.954698822521756	0.983610368728815	0.961903605671138
0.991808698394109	0.992411231181985	0.990831050335295	0.97966618926524
0.995417741185222	0.977796955261839	0.986272626863167	0.991613026424733
0.994018997044998	0.994568528177056	0.995750477747338	0.987066251684482
0.980504366518336	0.993179787099491	0.9853802001538	0.994507686626036
0.992933295700573	0.992181758812655	0.975513931707562	0.988343695711155
0.99520824587914	0.988451791915978	0.988829533813884	0.993319937975952
0.990527528469251	0.992380106262166	0.989069183379856	0.996946393740758
0.997674065777083	0.995289893934425	0.995339136433257	0.99606485657495
0.993528366277709	0.992052143031084	0.993580082075117	0.98973556178387
0.994027284921733	0.994378051212225	0.994688643986494	0.983393523205267
0.994277920646676	0.993597717078066	0.993396984699581	0.991517353992192
0.98585359091724	0.992089339646448	0.994922356243866	0.988764602639161
0.991037697075527	0.996768591428062	0.985245990618399	0.989922594298853
0.984106548161116	0.989369566814741	0.995608737402913	0.990919194915274
0.983618304864498	0.994281521846987	0.978309293932853	0.984264115009184
0.982132908034692	0.995347649112373	0.993253189210625	0.993280435697531
0.993376786254283	0.98882114468214	0.989018668079078	0.995457713221395
0.990480277498986	0.992226451490778	0.994888139110018	0.991705397057914
0.994397735620862	0.991874388481771	0.993240787316727	0.985193878961524
0.993380382458128	0.995015841565672	0.989257887333963	0.985592400808929
0.989363820686823	0.992696060632834	0.989630060289445	0.994194776958936
0.987672789229199	0.980431794148213	0.988214973787315	0.992559251486702
0.989793135203975	0.986901417106736	0.994055133768982	0.991088685865808
0.993955763621583	0.989310453194354	0.985332035517054	0.987122432382436
0.989325410036558	0.997110794292363	0.991087235287172	0.997064774086759
0.98986627194673	0.989130919483326	0.996163845039555	0.986617939134942
0.985870866232258	0.976931490326802	0.984835637090271	0.996429062416673
0.984776377519032	0.991545157481961	0.982998327337205	0.993212965451509
0.995322212365776	0.995872170304884	0.996090113129673	0.986338973000569
0.984652294542864	0.98985095884233	0.995619417220348	0.993105247158743
0.9927015311855	0.995487944087787	0.98347123509757	0.98919227748064
0.988775404852033	0.986482990166526	0.994894962987714	0.993617708668508
0.991949013308939	0.993022636331878	0.991943139965757	0.993423811570737
0.991092154314075	0.989672915736237	0.99272923477025	0.992224102166099
0.990462825009299	0.97444883628658	0.983678506603276	0.989313431898688
0.989313354615034	0.989553418744601	0.983973666934528	0.988304899004759
0.994589590267806	0.989231951512268	0.993391827433463	0.989172430049019
0.99175846177256	0.993115657169598	0.993447970625585	0.992513395043284
0.988489783009317	0.994042207716641	0.988505129015714	0.992789702823219
0.992848799374048	0.993087769352276	0.983893107970221	0.988270982837384
0.986007531470924	0.995720366817608	0.989081320527685	0.993232023454349
0.989175089989724	0.997326877613273	0.994667195170941	0.992649384722146
0.993428260148881	0.993574924013751	0.994380825547388	0.994958853580564
0.995200040480787	0.995075424843885	0.984067157987048	0.990554601182992
0.992378051810354	0.991352527302474	0.997859767640621	0.99268519750674
0.989653309619777	0.983592463905132	0.996788329308924	0.986484689741468
0.991097268128569	0.99094430107468	0.993623604826358	0.988634157739523
0.992188959923758	0.981383638456476	0.995746953680426	0.989570262123469
0.990429778109787	0.995747756586487	0.978935410482249	0.994903447479916
0.990506238309316	0.990974978628082	0.99361777066209	0.996016890873856
0.995246114675448	0.977753543512984	0.992261419393313	0.992455184453926
0.996299373845903	0.992798444788632	0.98913420908427	0.989682422209141
0.985035159137546	0.980309170491499	0.989591080451853	0.994311603204504
0.992368563670978	0.989188960562953	0.994616121118701	0.99243012361323
