0.951468180233165	0.965744358927041	0.965646622731854	0.981978573434123
0.964075373690804	0.930006019540506	0.938890756291629	0.95211028973979
0.973680622339847	0.965601174274699	0.935007058536107	0.984110656876149
0.955425989591211	0.931565309534422	0.950353677691926	0.964263851502932
0.969507633579141	0.974871909976567	0.977590533807879	0.96232581992654
0.969417273085584	0.97352440432792	0.947148947641628	0.976026405421065
0.899202376763487	0.918056265103989	0.990913260084892	0.977247089311978
0.933893488958994	0.936369736609662	0.975603402506026	0.917082470310926
0.971702557078842	0.980245240324657	0.943866096501866	0.973764338530932
0.980283915535225	0.984240470126439	0.953026887532505	0.970756455649814
0.959743327359131	0.976775041936132	0.610294751369728	0.969812163918478
0.957769438616754	0.980163603606269	0.980061862487464	0.975289866189895
0.942364552010384	0.963287364652287	0.975758804736481	0.978807847202299
0.935411542140723	0.964763180459332	0.962420512555605	0.97198496332864
0.97580670121299	0.953435221904149	0.982686733604828	0.979313592622288
0.950266480199608	0.961251237785866	0.948572718772755	0.920222159007195
0.956980763444427	0.958293156529768	0.943693476812011	0.969662128557076
0.986187520522338	0.973282652487637	0.986747241749156	0.968647908551922
0.965622411253088	0.968131251305032	0.970258869047431	0.976617766636551
0.976190690103598	0.946402090453509	0.96534026440157	0.96935152154913
0.967937748945118	0.977871387511541	0.964460687627859	0.968738618600294
0.968172135881463	0.948415205732253	0.979434157002841	0.965811698139368
0.953849377462299	0.967715334999338	0.966759050084971	0.964139569656072
0.959838241685603	0.920486717732522	0.942586169590572	0.971048589050484
0.97063986861367	0.967156124603672	0.960190055753914	0.975321401638493
0.966037063616335	0.963157137876177	0.96591932989551	0.923440778382491
0.960970956761657	0.97255642195223	0.961361388889676	0.953063568963737
0.964899599030193	0.974093405845504	0.95138967834855	0.976625501925982
0.962518355680647	0.962870167830545	0.966880182410061	0.965859829432441
0.978177806264372	0.979258628476087	0.930741620872474	0.949841990147141
0.969496102832493	0.96423336011581	0.972003265473988	0.978011900465819
0.982198879330328	0.945051086220163	0.932120078177548	0.982566443302672
0.972329176542849	0.939702670314416	0.93441003233209	0.975801638823248
0.966219412590646	0.958401262784887	0.972092198854221	0.97369275523718
0.969218163228138	0.94730024439121	0.93811019699739	0.963556281101607
0.975505774948781	0.981549291010663	0.957093377861726	0.966011949348722
0.943565048190632	0.984315375074063	0.956905422392422	0.973109081077032
0.983765965327993	0.966935691210838	0.959121450439774	0.943721880897099
0.984913911238553	0.965947089726273	0.985298777626894	0.927202002517226
0.952056117377942	0.988544760205549	0.974209068466096	0.932235000611164
0.985904731449078	0.972783066563498	0.938378383583815	0.968343084320223
0.984645136026073	0.9471594164904	0.982253341333709	0.936588109104471
0.934495920077501	0.978945004295883	0.907311825413576	0.953885679144241
0.895422702184412	0.95812020473764	0.909595098203276	0.966349470357112
0.760916636712394	0.870938184203599	0.973773202081401	0.936479068208812
0.964238651744287	0.978802017234606	0.968823954277051	0.963990580559466
0.952314633040596	0.963820301125695	0.963629728052282	0.881036998941129
0.945386114256492	0.9633208949647	0.970403422716386	0.973346013624726
0.898265592040475	0.969515061748146	0.881824529689807	0.974661008894542
0.978875416514685	0.976919944146547	0.971033330942308	0.950818425767083
0.972399145136816	0.953065085026378	0.955621058518598	0.960019168033338
0.958674518762138	0.915916971137889	0.980847224599348	0.936330909115821
0.976000567497054	0.967135022980874	0.982976382272015	0.95920033365628
0.961841150827663	0.956591392857304	0.942287771995359	0.961620112672976
0.967762700629044	0.973045337147245	0.947400342339997	0.962453379064494
0.970793495412101	0.931959866374704	0.979867173208678	0.959392601919188
0.964097839583966	0.97751864946799	0.96332689355584	0.966290235372264
0.973993190834088	0.94362978823285	0.979191600427295	0.967025362073429
0.917741781566434	0.944720970868848	0.950030380437468	0.955290162324172
0.960801678797487	0.959890569503611	0.992505958057011	0.917955643377746
0.976816507034997	0.946912337788073	0.981180890133532	0.955133282984312
0.933403013956092	0.919625504127467	0.941433904948367	0.962579506219489
0.903786210262739	0.957329550111966	0.968053430478754	0.968722087746523
0.972882807487541	0.965821915580296	0.951714872570651	0.975103216034422
0.975788244658881	0.964571748787021	0.973213866835082	0.987297862817467
0.979502464858243	0.956316444900007	0.97650299007762	0.984221883420529
0.949337406595218	0.972480340898909	0.963144343375702	0.984251309492941
0.977710605516998	0.874468321259973	0.951957886470747	0.966944074689185
0.983183735317951	0.958377571796484	0.957158286852828	0.955762974683396
0.962477342689003	0.973011822455669	0.966823642343872	0.965663847421263
0.971220938797044	0.98309503762884	0.932257300673399	0.97978717195573
0.952184077881054	0.973899350542665	0.97607412131843	0.975572287581267
0.965265266563929	0.973578515902197	0.94869722631443	0.97932633620208
0.955435968288049	0.97782237728234	0.967480123249763	0.964727997512133
0.974331304675146	0.950812310970252	0.974882291797128	0.941419118818795
0.950005634153035	0.963632524751496	0.964086758204376	0.955073707999917
0.983069599679302	0.98076433379514	0.963609618967765	0.969312826793296
0.977340533311641	0.983764836859064	0.940192635922126	0.968832368678529
0.976684225973154	0.960978413526265	0.941808946049612	0.974095572897423
0.966875020832384	0.974801488802099	0.968631930735334	0.964922343690383
0.951031127168564	0.962772572154869	0.975524320319165	0.971184743131464
0.905761456513148	0.922994499999356	0.951879623964719	0.965733135225109
0.926872645470359	0.981276001280394	0.967745810166883	0.967658435994831
0.920947617319271	0.967436139174415	0.964966916763594	0.955256772806453
0.967912792377224	0.977678231334756	0.974038423928886	0.984554816069394
0.982007010923041	0.956217680058764	0.938380293796734	0.965076942703161
0.96562652691998	0.968171183156716	0.961895488753567	0.980990776125972
0.979861601046707	0.93761193577052	0.977275992020933	0.971939855443345
0.91627858871896	0.965220847187618	0.922384963679642	0.931978631203167
0.942441872079689	0.941156082121528	0.977306014822093	0.939397747687072
0.975365786833751	0.950783349531847	0.984999885858527	0.984084749121811
0.962593987605884	0.973394141871619	0.955958435159869	0.968469313657193
0.946362590116132	0.981312857638052	0.96096312556313	0.985472126688464
0.950230248940725	0.953222696834437	0.935250298049916	0.964051633567399
0.954977752266912	0.964888979585556	0.974550680427095	0.980568571898426
0.910050448901417	0.925865107490134	0.9770417927919	0.943718888020499
0.966093879153173	0.963349046723859	0.983886401516435	0.984292831167577
0.974669752471745	0.990307628325264	0.970319001595	0.941269970257677
0.939053321648352	0.930473378708415	0.961002169961197	0.978042456696936
0.976945111553023	0.960512833316609	0.888038425146428	0.958766611268792
