0.971818990309344	0.978741021792711	0.972317319875314	0.959103671572422
0.949415456981962	0.970701749038384	0.978049557916543	0.960037320347952
0.961858013136628	0.970893460145745	0.967589482563171	0.979991690996426
0.972050045171107	0.952489691565923	0.9836908809079	0.981571575305795
0.98393697382773	0.972003354243328	0.975791983880076	0.965593390534423
0.94645459739418	0.962107422567245	0.989240545488741	0.969721470884464
0.930080085385616	0.960807632580143	0.957080356169258	0.98623426139479
0.974622892545169	0.967657889815187	0.984673972460977	0.94668460369029
0.978170430534023	0.959705216412795	0.958176596903264	0.957132708714863
0.959486227448535	0.909906236931028	0.788477307507503	0.978510079426449
0.953990157721001	0.982116521783633	0.967090848797423	0.965188127663346
0.948247440346645	0.977112674761533	0.983782861278177	0.975123655136554
0.928219395748355	0.969848722649298	0.949780085426452	0.97782200588707
0.964427785497224	0.949429766467503	0.968364186267645	0.962765312188001
0.933187916399763	0.905212839254004	0.770870365064408	0.898157047793497
0.972660323540617	0.960656681187829	0.972780315054073	0.943283479500022
0.855997841537017	0.920758483540997	0.982864320189637	0.960427913620434
0.931044861540029	0.942050366040708	0.891989312692405	0.934853149542951
0.833614576494576	0.925699393738564	0.978394598393441	0.95991560117864
0.951274617628737	0.951371949300602	0.985263262365714	0.969351189724663
0.978145615081496	0.942436997909239	0.975010098802825	0.968888102798851
0.973777778695729	0.968585490772564	0.97465816716268	0.959598985115172
0.94446623489335	0.963399749427845	0.97650233790482	0.988897015045501
0.954103076296908	0.971054410809457	0.951963085316928	0.973647464226337
0.973573787259464	0.892812193175888	0.976331243125875	0.963505747528132
0.959110616936723	0.917777555258509	0.953808597258994	0.985137216084237
0.967010660296074	0.961360975556354	0.982782810714851	0.9592493568469
0.945551055502195	0.934137314618135	0.958423800009517	0.972137820338477
0.975956500590488	0.973356594021358	0.977535712822238	0.978411370151551
0.968507762800292	0.981551905548361	0.985701417248995	0.98184839732102
0.972580895257409	0.979399359171085	0.96868777732807	0.973100748955992
0.980440704669744	0.978663965688282	0.936834879165686	0.959722385709675
0.981532697279393	0.95256325580409	0.983559439930613	0.968716109863232
0.984556100583102	0.964767030833592	0.977003526225485	0.968489677650567
0.970907365635683	0.925954632891854	0.963296773731752	0.956775996932638
0.964712438217076	0.884873207458284	0.964679948191546	0.980525524132756
0.971018025035198	0.975088587356796	0.977793534423837	0.963889639494033
0.986305531572815	0.981258413598674	0.980897067424582	0.966199658687289
0.96010937052258	0.979400372683871	0.960752808313293	0.991380578949449
0.974543241789619	0.928903911509813	0.980693629697643	0.971764638743578
0.909927350957705	0.901386715690845	0.94464184975744	0.947030752197391
0.960142094830988	0.978101751406806	0.97129397071555	0.97656693421966
0.970342689143583	0.959574022084828	0.977865155823805	0.988934999669299
0.975228598072295	0.980427970216538	0.979377427217282	0.957624293802474
0.964845004335922	0.828719429033211	0.969921611555546	0.974206680794704
0.96092084331008	0.97955769145149	0.978336220062414	0.979396860225809
0.98103182927126	0.983773490349953	0.956791807506815	0.966887204341588
0.912998994957199	0.941752241743854	0.940312720652731	0.960683296527167
0.980262644791389	0.954889679354753	0.980234250204221	0.926192906297028
0.985959282961376	0.953711897261333	0.974112670109134	0.959814235896206
0.958916648714654	0.978552569714949	0.97106353865414	0.986604236474549
0.974534513277305	0.965031992409715	0.966644947554781	0.957366757971965
0.979548453722254	0.974779304331878	0.972194131257581	0.968681731598635
0.97167263041156	0.945488912071605	0.98114618959702	0.956247781892054
0.968601218129063	0.968475404380234	0.967850808337863	0.97075275349039
0.948433341674079	0.961404681521543	0.964952387814993	0.981653793138701
0.969827836212214	0.98353062441847	0.967922185475292	0.970429467853911
0.909807622774703	0.943696431254828	0.885781017605881	0.963648014220911
0.977234963010551	0.983168391493418	0.970891071910982	0.979261850693036
0.972870317075068	0.987097770337414	0.960403281892321	0.943818992028425
0.95178665781291	0.944510064513143	0.966857878174436	0.972903217496504
0.939353849921534	0.983200207397775	0.952835040665826	0.962419682198438
0.964290746231653	0.953718241907317	0.966941619468172	0.982557549033289
0.974017589472551	0.975069948535702	0.98218464730758	0.965268365860636
0.981075449330156	0.959154296356452	0.962800407548218	0.961000139929733
0.969661354942401	0.957295055753562	0.970218299754167	0.986728695674573
0.970253854355522	0.968980837196926	0.968653134310609	0.972163303850172
0.967244399333157	0.949080833588402	0.971041644687908	0.978578486906976
0.977564315180138	0.946126074508728	0.951390536776523	0.972031895006287
0.945573279048518	0.969064290490299	0.957371116811424	0.984056393700565
0.986629955281392	0.939063101000848	0.978907974325055	0.977711477051941
0.962232183173818	0.965900720136345	0.955532701216564	0.920180333592347
0.891923640951596	0.943648315765749	0.967821433863605	0.98491130244845
0.945220193342418	0.974843267838108	0.983394062392363	0.94387455037839
0.952074813690846	0.975608586936605	0.979132187238771	0.96163667306198
0.982711952084517	0.93271326216582	0.962004875336239	0.974338842551485
0.977520081766985	0.974674788243006	0.982603434073025	0.964839032448746
0.975027819843503	0.964610711527671	0.976333740780964	0.943889308427348
0.982777685858942	0.984643640948135	0.956192197082718	0.970693327541081
0.980639685128777	0.980678427381322	0.966849220424857	0.949204045182215
0.928792273835445	0.933923859841882	0.976716818918138	0.951045240532026
0.965460676778758	0.942966849121466	0.953665883965924	0.934660721622149
0.980776495136605	0.986323364570828	0.973817446321593	0.983513464781385
0.932398497627596	0.926660236457301	0.967652438996771	0.96759893200936
0.962771028489551	0.932308427277447	0.97839697406361	0.959191994462474
0.974080467898947	0.938026832391593	0.97455748008859	0.967448815477683
0.954319640453012	0.962094830092265	0.970518834750028	0.978558203734768
0.961521396963303	0.957762514711446	0.953790053400615	0.971129254372278
0.975935370276044	0.966324538176623	0.969874046297214	0.965523576253099
0.939634438693074	0.974961548140601	0.936147800663806	0.961932286338952
0.920893490431713	0.966840933444287	0.97296272233669	0.95063328897095
0.949209374913407	0.949758727867544	0.973941917566793	0.975470444554247
0.96099950945939	0.968810458607216	0.965143712202523	0.966093793688128
0.95927868128423	0.992081797286493	0.968290333523899	0.980821756355821
0.983579603369009	0.974364482373108	0.963087425614884	0.9841277255377
0.970126861187861	0.988110206348689	0.970866647648225	0.978200288555135
0.966355789007517	0.922293313682827	0.985856097495889	0.971694431932099
0.967704276088383	0.967966898012021	0.985413980093923	0.97767816634135
0.968772304856362	0.974129519192503	0.944191807708919	0.979506707750846
0.979755736379324	0.9771000729974	0.97629268018658	0.96277701144533
