0.979369283856514	0.986669478428587	0.988244247047435	0.978592432806633
0.976936016304409	0.983341994209455	0.991274433504927	0.977240107589299
0.994443972010838	0.98822879898623	0.988269876973013	0.981664659653646
0.979027833063302	0.988619918874483	0.990136401655982	0.989506150592477
0.983585715932226	0.982340770644932	0.969678322248505	0.993325465298977
0.97884949154068	0.991515976580087	0.979111517921151	0.991578891016213
0.963911570363964	0.989180932045246	0.989821458525908	0.976500009910781
0.990437364435389	0.995130633860648	0.97490690081947	0.984579763839777
0.978021582360253	0.99111576275204	0.988213778865335	0.993763889107104
0.981999317963472	0.992803269117366	0.993264409293278	0.982448389922351
0.983454506937234	0.98616901993417	0.981166810840336	0.994851298395829
0.987462451140712	0.984601486876101	0.992430538859575	0.980034244905533
0.989755544242042	0.987375082285761	0.98421856209134	0.97766966814497
0.9855820054684	0.977081628726115	0.991925107006307	0.978659572042239
0.988944586155884	0.984176999530578	0.986878966054738	0.988941758686436
0.996297942469664	0.984222898651885	0.97528581488145	0.984034860262605
0.983412271208113	0.983812228070336	0.983300757316203	0.990129862262177
0.989591239419304	0.985903406452725	0.989638039572854	0.995660078087332
0.982862954195627	0.988223395008589	0.979694320082823	0.990734062581407
0.988101176213247	0.983953314727593	0.973883173103667	0.982763154107047
0.98167232907186	0.978494603249974	0.983071940332205	0.992457074003836
0.975524867131908	0.990709632642372	0.977043417850974	0.985900024670421
0.990358414268188	0.986829751350002	0.98494796041604	0.987378481114334
0.993545159322434	0.990524714532793	0.986458421173907	0.985394915410941
0.989135047909636	0.991371097686445	0.989462322694141	0.986616480957082
0.988540381268686	0.992398064100682	0.990933064940775	0.976164897413346
0.983697576942653	0.974929530097206	0.982333236946382	0.983278963022219
0.988096227735807	0.984437487729981	0.989622513256041	0.976335943920202
0.98724625788287	0.993302057600565	0.979681762996803	0.988085224479594
0.979951576137376	0.991673364810401	0.992442568105332	0.984729753451094
0.990633198257477	0.97582504516363	0.977377364330355	0.986965658657326
0.981830678087766	0.992434571912858	0.974554126517543	0.993469206960001
0.988852211530437	0.985109485618902	0.988798527206908	0.973612648780159
0.984520572192243	0.97300783989304	0.990646335301817	0.981878876564313
0.975996236768173	0.989707420229841	0.993098100313007	0.991973425359062
0.977201519321729	0.980623529988287	0.976526774103435	0.989351742161521
0.980427954779422	0.991364419036818	0.986312082200811	0.976439701755037
0.989626401293464	0.985021153808148	0.991598320891324	0.9819736856807
0.988565524689251	0.985279476839423	0.979738468977938	0.989061689563563
0.988855844217208	0.986504947991859	0.989021552104549	0.978975501593106
0.98331967442308	0.981822469820742	0.986526200004406	0.984402885588147
0.988243309570659	0.988606294386563	0.970707338396596	0.974140422338455
0.983112088397497	0.989564454423444	0.989424316907169	0.99235188964736
0.985486060927827	0.983559418509629	0.984016537086279	0.978080654767501
0.987380176577098	0.993987630479447	0.983180791962766	0.985546219792101
0.990371785469397	0.979596819327976	0.98450581679483	0.985668885024094
0.98528881213993	0.979791667371836	0.971577272689152	0.969913791529104
0.990933219322068	0.980021503338001	0.986999618509767	0.986003699106064
0.985674468483719	0.989285821729103	0.989245403342711	0.99136602585007
0.980455285284888	0.984725551688456	0.977227229327652	0.987908917346441
0.975028737525642	0.990099258333819	0.982759931971499	0.98466806743846
0.983317505332725	0.975140283324949	0.973335607604186	0.960846409909424
0.987960409532103	0.983373450501055	0.987671408027501	0.989985347366801
0.981478425614236	0.990666950150036	0.993061789684236	0.992597503984949
0.990688033530376	0.987098724722504	0.993943991315601	0.989479280602218
0.983391308031205	0.979633478521785	0.98966974015473	0.958665534700147
0.99261583354592	0.974055886649747	0.976345257216125	0.989600135875324
0.982657103820775	0.979344993730195	0.989354320273648	0.993161575517344
0.982580461465436	0.980944113678088	0.988552220487908	0.986954232717248
0.99174233620589	0.99219274222923	0.981154641226557	0.984930125658194
0.993438381521075	0.993121617590273	0.98435174966296	0.983622820812721
0.993274194457886	0.987906551184273	0.984557053587667	0.967530268318695
0.984692440548524	0.985809306649555	0.989648810490535	0.982638787069663
0.988438618843005	0.985902918331798	0.98190471331021	0.993208323583592
0.982186720990394	0.979960531078878	0.90960472677384	0.952344570968174
0.987413994305723	0.961645684014329	0.977900024101233	0.968447944721538
0.985996930991237	0.971220083760766	0.978310241802431	0.98528781540576
0.977211637568224	0.976472026165317	0.989868860507407	0.971509101385499
0.989827640578902	0.983655415736978	0.976299113141971	0.991606047302745
0.992364671498764	0.983891763978784	0.982416633275842	0.977884970549524
0.968625944768169	0.97313986656148	0.994791902005508	0.985628078949397
0.994632314940113	0.983317224309982	0.975685248428616	0.984623138483292
0.992307304361839	0.97868273830433	0.988984486048533	0.982658851294025
0.984371019912956	0.985880266783637	0.992918086203525	0.99364712736093
0.98987587709266	0.98965507771021	0.970326261981148	0.976081912887232
0.983313571227007	0.987726499487227	0.996622309939109	0.968051296214148
0.985587661905336	0.981695366229141	0.974771498030847	0.979145746548514
0.985536608237505	0.985210737187114	0.972902406394533	0.982606171532056
0.989550925796751	0.978086335523483	0.988900295133294	0.969848330328874
0.978595899047906	0.985271271776555	0.994160498529855	0.972448323687938
0.981583436195657	0.983851196340124	0.993070325781162	0.979239053205978
0.975137179942982	0.991836473336966	0.971682381353824	0.989139872652727
0.979598322936489	0.981937760584389	0.994286368565772	0.97822872420286
0.990834122369563	0.9891737313448	0.982367420583346	0.99292640878033
0.985571392792	0.992290456923109	0.9831851311987	0.995762532359698
0.94839299286976	0.979130352526199	0.988998900930114	0.97983238434535
0.990669656802471	0.987617468520408	0.988086286827943	0.995635889343737
0.978116584704997	0.994035961502591	0.987710437949946	0.986231611615108
0.986850830920859	0.990951237130565	0.986626024230676	0.977459587364333
0.980744671022761	0.983229580531677	0.983697177097604	0.989898672706763
0.983778040796703	0.969952988242906	0.985881629842941	0.982560256428349
0.991992437780381	0.990743975351456	0.985941407283152	0.990972454839219
0.986568977838534	0.991045362906899	0.977433039074577	0.987024524838854
0.98318412391424	0.984477520594368	0.983322616782694	0.990354933533076
0.990154781891368	0.985174180706086	0.9813535655758	0.9862410188182
0.982647720435226	0.984655481925641	0.980525504711416	0.982794157985575
0.986253898923599	0.973064634271217	0.972912404244701	0.978151975958018
0.988718069170217	0.983318061832472	0.986254105146019	0.990275217487852
0.993717195146017	0.987851506789836	0.984480207425492	0.994769927210843
0.984254890929986	0.988090263948882	0.980576163236559	0.984501180978993
