0.980910409659231	0.982097923765885	0.992005809345322	0.98299932153557
0.98964463485416	0.987984421455465	0.989384620433717	0.993371416368378
0.985283632114819	0.987743408495801	0.977279794037726	0.964128545391008
0.98750378027979	0.989371406064448	0.966044220387911	0.986449338845912
0.985187909032699	0.987131583635592	0.977529998726021	0.976492705776369
0.991839897140898	0.988444644537222	0.969733079715656	0.98375331129769
0.975352896266886	0.980896875218355	0.978093347765277	0.99103590652211
0.984102340279751	0.980650306544472	0.983302010351017	0.980103384305312
0.982863733025828	0.991800357644804	0.978016611614724	0.986974601018791
0.98725551572672	0.986166667846781	0.949714505802858	0.992114671986414
0.98649081124007	0.991877194888656	0.985385488734043	0.989057459050156
0.978053941200843	0.96765763839999	0.984666810593363	0.986801775000622
0.989466492935296	0.968654281293022	0.975192301417884	0.981048975386911
0.973488079953913	0.99232080812962	0.991499941862711	0.98895476941347
0.981176015200367	0.987933240435767	0.991360664405117	0.988333084896085
0.978882394933127	0.979680596660182	0.988753142286415	0.975060779085674
0.986254613228854	0.965696189726104	0.990257070674765	0.965052497354603
0.980918390672343	0.972257943484955	0.972076130807435	0.978962925768257
0.991055638812459	0.99010898653975	0.981979738871866	0.988317839864187
0.98528047264078	0.99101524201542	0.989526977050305	0.988862826756452
0.984589596798924	0.950317769417298	0.989617316803602	0.989945690248212
0.986903133335817	0.983243116232085	0.981143704556736	0.988694351400781
0.972539332685295	0.969698409395134	0.98326539676675	0.978618878900111
0.984044705369916	0.97547045517871	0.978192254987738	0.972674033763899
0.986832488813178	0.988644188915245	0.987731778470744	0.974155157205576
0.98114531865411	0.981642344089234	0.975864377530973	0.989602563573503
0.977341096586218	0.987558671504265	0.99302235430049	0.988476554707329
0.962691715736556	0.991518616545653	0.987132599263501	0.989173702789028
0.978601045126866	0.988355905112369	0.982073582252814	0.959613314770253
0.987892654949306	0.965766307973112	0.986479204760445	0.985894376159213
0.976413163836813	0.992624934132141	0.990200737457928	0.990473573168229
0.988835549377094	0.987386046886515	0.978871903895876	0.98060867885985
0.985352123258909	0.964121776625007	0.98489734075448	0.988567532226487
0.988881418045005	0.988166349135475	0.983976503710579	0.986397322110027
0.988684676511805	0.990082561535317	0.987207930197487	0.986238243739356
0.974304409696815	0.992983270574887	0.959503077538824	0.987192443933956
0.975829775939622	0.990708512389768	0.977283598620467	0.991781302512583
0.988430361233843	0.991319845149201	0.992748903338789	0.986407826752576
0.981560338148302	0.991759946085078	0.9876518826501	0.989230213718364
0.989269158751568	0.980633747202712	0.982790636981453	0.975198798202991
0.979969762539343	0.990554383677299	0.985996721603881	0.981696844096474
0.995656378732569	0.986668332072482	0.985873331945267	0.980090864051246
0.983553316363758	0.981555605294798	0.98776362139962	0.992149261474254
0.982438624346762	0.964212952089096	0.987052469898032	0.973130052908333
0.991912034027897	0.970226939205349	0.979811590278526	0.971223680766843
0.970250456864657	0.989430176588323	0.981425370394801	0.970863877672879
0.987811846185694	0.995751012064762	0.993395019977936	0.991134439929442
0.981703677994175	0.982222092478166	0.986042007368717	0.981283725426259
0.983432282779537	0.984644787281128	0.975746263826885	0.982942789979917
0.975731616122361	0.977906573086439	0.970874361440441	0.982395663771804
0.967544935710437	0.970185756661852	0.985835228082592	0.98657927230189
0.972254015806318	0.975061499447186	0.978358392110044	0.972730763197118
0.964368606433862	0.994390368484743	0.991850321838367	0.979245173298727
0.980740698459826	0.981996423631552	0.985383896467	0.990835253330656
0.983018911963045	0.98046447176965	0.984455713242323	0.98904150537047
0.984325190746166	0.985677179664699	0.989242070266073	0.992644799388515
0.974402106202246	0.982961342889125	0.99630072556719	0.990606380521337
0.987623259309313	0.9903075284527	0.982643784593214	0.991286868908241
0.987767720462189	0.97993753053362	0.991666494293731	0.989635300407264
0.970469605976881	0.986530645155277	0.987449854742222	0.987583793825835
0.982777467706367	0.978260180129316	0.988780838670492	0.989608536597069
0.979697055766225	0.981374261264079	0.993742039326317	0.988280802473365
0.978843700435584	0.983806400024521	0.991273831369611	0.980873216362564
0.991290049188854	0.978836265136998	0.973547547686734	0.988807431517148
0.989348427596954	0.982892819445614	0.991947049842662	0.988242565525708
0.947109274988133	0.941757598115939	0.964058797001359	0.982077238075394
0.98228353745251	0.985123351612559	0.969660226606024	0.979310589904655
0.967565528042077	0.980573219662911	0.98935418946815	0.965795863938431
0.983323773928238	0.991094930897816	0.989922728276545	0.972109856905706
0.984890709603479	0.98471029867355	0.990929812134851	0.974772739780841
0.985562161927346	0.976898143240051	0.984476973351979	0.986408733916352
0.990362167624343	0.980146016561867	0.978480281755216	0.991563909695872
0.988494862606812	0.974587629470816	0.987517722867212	0.976725101129901
0.983197634092443	0.990772776963334	0.970649997768515	0.970312681643599
0.988154350897872	0.992708475868588	0.984344838132819	0.976161730865288
0.97483475026356	0.995561229633472	0.98907409049856	0.97569554869994
0.980540931987038	0.994542225899738	0.993519605564073	0.966231966528121
0.982387375264431	0.989957575388978	0.986967717395489	0.987134866712012
0.991845671187484	0.9903768425377	0.98133173420558	0.978239742939896
0.98986948489027	0.982554434278669	0.985961976236259	0.977688097792728
0.966962329698364	0.979991952576346	0.982401037456088	0.989922417290269
0.988427357619969	0.981123439981779	0.992222050796344	0.983481605774765
0.986953873345599	0.976920866214421	0.992551817845319	0.952447709844509
0.992735513546888	0.989559024037142	0.989764239013621	0.982796381172651
0.982570242866908	0.98574222474889	0.987354558677002	0.983031989672865
0.970948613597727	0.982888974678208	0.988262089822832	0.986506677736895
0.9712956281539	0.9897673756612	0.983718040199686	0.972962129326633
0.990176722282252	0.97900400339173	0.982755928759749	0.990270732432649
0.980039348766935	0.984039129584476	0.984912851558004	0.986703179318885
0.990952903439157	0.984833507683692	0.990658465030175	0.988914584615822
0.988493427107143	0.973464246501679	0.994216596721305	0.982753126878141
0.984982638750408	0.98819975244282	0.975423219859697	0.988312572949716
0.97988585357265	0.985387590648585	0.981964776390102	0.975536735809352
0.993121100749212	0.992152737624241	0.979824459939491	0.968986900224349
0.979720115974272	0.99038243817748	0.995345712493091	0.993072071325102
0.988705408006981	0.986556353479619	0.975902315349771	0.979187226663842
0.985251947929107	0.984628578246212	0.991825321141256	0.98459441597914
0.975030939940661	0.971667703832454	0.985535163147423	0.987382297906917
0.983592059398422	0.982575923525163	0.986008095174242	0.922863470768116
0.983234788562452	0.988883847930096	0.985861516880214	0.983675387746438
